nan
4933478311.0
4932430484.0
4932352732.0
4932464260.0
4932471070.0
4932464712.0
4932471069.0
4932492533.0
4932430483.0
4932430063.0
4932430062.0
4932451395.0
4932480165.0
4932430065.0
4932451388.0
4932480164.0
4932430064.0
4932430098.0
4932479265.0
4932493335.0
4932352524.0
4932472073.0
4932430086.0
4932480162.0
4932492531.0
4932459450.0
4932459205.0
4932451079.0
4932352959.0
4932430554.0
4932352000.0
4932459888.0
4932471597.0
4932430085.0
4933464261.0
4933471073.0
4933464713.0
4933471071.0
4933451423.0
4932479831.0
4933459217.0
4933459208.0
4933459211.0
4933459207.0
4933451900.0
4933471412.0
4933480585.0
4933471413.0
4933480737.0
4933471415.0
4933471414.0
4932478406.0
4933471410.0
4933471411.0
4933478407.0
4933478408.0
4933459710.0
4933459709.0
4933459708.0
4933459707.0
4933459685.0
4933459684.0
4933459683.0
4933451633.0
4933451632.0
4933451635.0
4933451634.0
4933480721.0
4933480722.0
4932478409.0
4932478410.0
4932478411.0
4932478412.0
4932478413.0
4932478414.0
4932478415.0
4932471712.0
4932471713.0
4932471710.0
4932471711.0
48533829.0
48533830.0
48534830.0
48533837.0
48533838.0
48534837.0
48534838.0
48533840.0
48534839.0
4932471720.0
4932471719.0
48533831.0
48533835.0
48533836.0
48533832.0
48533833.0
48533834.0
48533828.0
48533827.0
48533825.0
48534831.0
48534835.0
48534836.0
48534832.0
48534833.0
48534834.0
48533812.0
48533811.0
48533813.0
48533814.0
48533815.0
48533816.0
4932471993.0
4932471994.0
4932478225.0
48532571.0
48532572.0
48532573.0
48532574.0
48532581.0
48532582.0
48532583.0
48532584.0
48532773.0
48532774.0
48532790.0
48532672.0
48532674.0
48532775.0
48532772.0
48532675.0
48532671.0
48532673.0
48532685.0
4932464277.0
48532681.0
48532786.0
48532787.0
48532789.0
48532684.0
48532788.0
48532682.0
48532683.0
4932480723.0
4932480724.0
4932480725.0
4932480726.0
4932480727.0
4932480728.0
4932480729.0
4932480730.0
4932480731.0
4932480732.0
4932480905.0
4933464134.0
4933459155.0
4933459160.0
4933478118.0
4933478120.0
4933464105.0
4932430392.0
4932430563.0
4933451394.0
4932430562.0
4933478226.0
4933480473.0
4933478116.0
4933492903.0
4933492486.0
4933464823.0
4933479643.0
4933459159.0
4932430361.0
4932430564.0
4933451261.0
4932430360.0
4932430178.0
4933479963.0
4933479768.0
4933479767.0
4933479902.0
4933478869.0
4933479770.0
4933479765.0
4933479766.0
4933479769.0
4933479763.0
4933479637.0
4933479898.0
4933478587.0
4933478705.0
4933478586.0
4933464824.0
4933464825.0
4933459440.0
4933478112.0
4933471286.0
4933471388.0
4933493968.0
4933459431.0
4933459433.0
4933479366.0
4933459432.0
4933478868.0
4933459418.0
4933459415.0
4933493593.0
4933493595.0
4933459411.0
4933447480.0
4933464120.0
4933375720.0
4933375650.0
4933459148.0
4933398220.0
4933443180.0
4933384300.0
4933428000.0
4933368690.0
4933471685.0
4933464117.0
4933464118.0
4933459794.0
4933402495.0
4933402490.0
4933402475.0
4933402520.0
4933402325.0
4933402450.0
4933451414.0
4933471463.0
4933471464.0
4933471465.0
4933440292.0
4933431860.0
4933433630.0
4933432270.0
4933432250.0
4933459165.0
4933449870.0
4933432690.0
4933428127.0
4933428120.0
4933448025.0
4933448035.0
4933448830.0
4933451578.0
4933451577.0
4933451218.0
4933464998.0
4933471194.0
4933428085.0
4933448020.0
4933448030.0
4933451222.0
4933451220.0
4933403206.0
4933451213.0
4933451211.0
4933391200.0
4933385120.0
4933385110.0
4933385100.0
4933390186.0
4933409194.0
4933409211.0
4933380507.0
4933419595.0
4933419570.0
4933431955.0
4933409206.0
4933409200.0
4933451014.0
4933451015.0
4933405365.0
4933464896.0
4933398753.0
4933405347.0
4933418100.0
4933400069.0
4933446800.0
4933446790.0
4933396420.0
4933396392.0
4933396396.0
4933464579.0
4933464580.0
4933428230.0
4933464581.0
4933432795.0
4933432800.0
4933383925.0
4933383940.0
4933385150.0
4932336597.0
4933433180.0
4933447015.0
4932430145.0
4932430091.0
4933383350.0
4933383855.0
4933448245.0
4933451116.0
4933451117.0
638051.0
4933419225.0
4932369282.0
4933440615.0
4933471055.0
4933428900.0
4933440590.0
4933428520.0
4933416710.0
4933381230.0
4933357990.0
4933381680.0
4933411760.0
4933451525.0
4933451524.0
4931391453.0
4931391452.0
4932352311.0
4932346620.0
4932373626.0
4932352306.0
4932352307.0
4932352308.0
4932352309.0
4932352310.0
4932459690.0
4932373621.0
4932352303.0
4932352304.0
4932352305.0
4932373623.0
4932430005.0
49902306.0
49902340.0
4932430479.0
49902301.0
49902342.0
4932459691.0
4931416173.0
4932478754.0
4932478802.0
4932478762.0
4932478814.0
4932459689.0
4932378478.0
4932430467.0
4932430468.0
4932459340.0
4932459341.0
4932308974.0
4932313194.0
4932313192.0
4932313190.0
48660978.0
48062871.0
4932371785.0
4932371782.0
4932334706.0
4932329397.0
4932326525.0
4932362778.0
4931362928.0
4932430356.0
49224146.0
4933459271.0
4933459269.0
4933459268.0
4933459266.0
4933459265.0
4933464301.0
4933464300.0
4933464304.0
4933464303.0
4933464309.0
4933464308.0
4933464306.0
4933492419.0
4933492421.0
4932492423.0
4932492424.0
4932492425.0
49162774.0
49162775.0
4932430839.0
4932464498.0
49162773.0
48440412.0
49162778.0
48442778.0
49162777.0
48442777.0
4932464867.0
4933451202.0
4933451204.0
4932430841.0
4932430843.0
4932430842.0
4932430845.0
4932430844.0
4932430846.0
4932430847.0
4932430848.0
4932430849.0
4932430913.0
4932430915.0
4932430914.0
4932430917.0
4932430916.0
4932430918.0
4932430919.0
4932430920.0
4932430921.0
49162685.0
49162680.0
49162681.0
4932464861.0
4932464862.0
4932451744.0
4932451745.0
4932451746.0
4932451747.0
4932451748.0
4932451749.0
4932451750.0
4932451751.0
4932451752.0
4932451753.0
4932451754.0
4932459465.0
4932459466.0
4932459467.0
4932459468.0
4932459469.0
4932459470.0
4932459471.0
4932459472.0
4932459473.0
4932459474.0
4932459475.0
4932451733.0
4932451734.0
4932451735.0
4932451736.0
4932451737.0
4932451738.0
4932451739.0
4932451740.0
4932451741.0
4932451742.0
4932451743.0
4932459453.0
4932459454.0
4932459455.0
4932459456.0
4932459457.0
4932459458.0
4932459459.0
4932459460.0
4932459461.0
4932459462.0
4932459463.0
4932459464.0
4932479399.0
4932479400.0
4932479401.0
4932479402.0
4932479403.0
4932479404.0
4932479394.0
4932479395.0
4932479398.0
4932479396.0
4932479397.0
4932479686.0
4932479687.0
4932479688.0
4932479689.0
4932479701.0
4932479703.0
4932479690.0
4932479691.0
4932479693.0
4932479695.0
4932479696.0
4932479698.0
4932479697.0
4932479692.0
4932479694.0
4932479702.0
4932479699.0
4932479700.0
4932451766.0
4932451767.0
4932451768.0
4932451769.0
4932451770.0
4932459477.0
4932459478.0
4932459479.0
4932459480.0
4932459481.0
4932459482.0
4932451771.0
4932451772.0
4932451773.0
4932451774.0
4932451775.0
4932451776.0
4932451777.0
4932451778.0
4932451779.0
4932459506.0
4932459507.0
4932459508.0
4932459509.0
4932459510.0
4932459511.0
4932459512.0
4932459513.0
4932459514.0
4932464500.0
4932464501.0
4932464502.0
4932464503.0
4932464504.0
4932464505.0
4932464506.0
4932464507.0
4932464508.0
4932464509.0
4932464510.0
4932451780.0
4932451781.0
4932451782.0
4932451783.0
4932451784.0
4932451785.0
4932451786.0
4932451787.0
4932451788.0
4932451789.0
4932459483.0
4932459484.0
4932459485.0
4932459486.0
4932459487.0
4932459488.0
4932459489.0
4932459490.0
4932459491.0
4932459492.0
4932459515.0
4932459516.0
4932459517.0
4932459518.0
4932459519.0
4932459520.0
4932459521.0
4932459522.0
4932459523.0
4932459524.0
4932464863.0
4932464864.0
4932464865.0
4932464866.0
4932459525.0
4932459526.0
4932459527.0
4932459528.0
4932459529.0
4932459530.0
4932459531.0
4932459532.0
4932459533.0
4932459534.0
4932459535.0
4932459536.0
4932459537.0
4932459538.0
4932459539.0
4932471997.0
4932471998.0
4932471999.0
4932472000.0
4932472001.0
4932472002.0
4932459339.0
4932464211.0
4933471813.0
49122775.0
49122776.0
4932472004.0
4933459273.0
4933479684.0
4933479683.0
4933451194.0
4933471950.0
4933471949.0
4933493288.0
4933493289.0
4932464497.0
4933471953.0
4933471954.0
4933471952.0
48445178.0
48445176.0
48445197.0
48445195.0
4933471151.0
4933471150.0
4932471372.0
4933416550.0
4933411920.0
4933479242.0
4933479241.0
4932479243.0
4933478615.0
4933471995.0
4933472022.0
4932478923.0
4932478924.0
4932478925.0
4932478926.0
4933464299.0
4933479438.0
4933479437.0
4933479436.0
4933472018.0
4933472020.0
4933472021.0
4932472150.0
4932472151.0
4932472152.0
4932472153.0
4932472271.0
4932479581.0
4932479582.0
4932352716.0
4932479835.0
4932472272.0
4932472273.0
4932352717.0
4932352718.0
4932352719.0
4932352720.0
4932352721.0
4932352723.0
4932352724.0
4932352725.0
4932352726.0
4932352727.0
4932352728.0
4932352729.0
4932352730.0
4932430102.0
4932430103.0
4933479421.0
4933479420.0
4933480220.0
4933478597.0
4933478596.0
4932478838.0
4932478839.0
4932478840.0
48361107.0
48361108.0
48361109.0
48361110.0
48361111.0
48361112.0
4932480227.0
4932480228.0
4932480229.0
4932480230.0
4932480231.0
4932480232.0
4932480233.0
4932480234.0
4932480235.0
4932480236.0
4932480237.0
4932480238.0
4932480239.0
4932480240.0
4932480241.0
4932480242.0
4932480243.0
4932480244.0
4932480245.0
4932480246.0
4932480247.0
4932480248.0
4932480249.0
4932480250.0
4933479441.0
4933479440.0
4933478308.0
4933478307.0
4933478309.0
4933478310.0
4933480904.0
4933478306.0
4933478305.0
4933451134.0
4933451135.0
4933478071.0
4933451136.0
4933451133.0
4933480903.0
4933451132.0
4933478248.0
4933459382.0
4933443105.0
4933443110.0
4933443100.0
4933443095.0
4933480902.0
4933443085.0
4933478247.0
4932479442.0
4932479443.0
4932479444.0
4932479445.0
4932479446.0
4932479447.0
4932479460.0
4932479459.0
4932479458.0
4932479448.0
4932479449.0
4932479450.0
4932498245.0
4932479457.0
4932479455.0
4932479456.0
4932479453.0
4932479454.0
4932479451.0
4932479452.0
4932479604.0
4932430243.0
4932480879.0
4932430244.0
4932480885.0
4932430245.0
4932480880.0
4932430246.0
4932480886.0
4932430247.0
4932480881.0
4932430248.0
4932480887.0
4932430249.0
4932480882.0
4932430250.0
4932480888.0
4932430251.0
4932480883.0
4932430252.0
4932480889.0
4932430253.0
4932480884.0
4932430254.0
4932480890.0
4932430255.0
4932430256.0
4932430260.0
4932430261.0
4932471086.0
4932471087.0
4932451660.0
4932430262.0
4932430263.0
4932451661.0
4932430264.0
4932430265.0
4932430266.0
4932430267.0
4932430268.0
4932430269.0
4932430270.0
4932430271.0
4932430272.0
4932430273.0
4932430274.0
4932430275.0
4932430276.0
4932430277.0
4932430278.0
4932430279.0
4932430280.0
4932430281.0
4932430282.0
4932430355.0
4932430283.0
4932430284.0
4932430285.0
4932430286.0
4932430287.0
4932430288.0
4932430289.0
4932430290.0
4932430291.0
4932430292.0
4932430293.0
4932430294.0
4932430295.0
4932430296.0
4932430297.0
4932430298.0
4932430299.0
4932430300.0
4932430301.0
4932430302.0
4932430303.0
4932430304.0
4932430305.0
4932430306.0
4932430307.0
4932459388.0
4932459389.0
4932459390.0
4932459391.0
4932493956.0
4932493957.0
4932493958.0
4932493959.0
4932464217.0
4932480891.0
4932464218.0
4932480892.0
4932464219.0
4932480893.0
4932464220.0
4932480894.0
4932464221.0
4932480895.0
4932464544.0
4932480896.0
4932464545.0
4932480897.0
4932464546.0
4932480898.0
4932464547.0
4932480899.0
4932464548.0
4932480900.0
4932464549.0
4932480901.0
4932480966.0
4932480967.0
4932480968.0
4932480981.0
4932480982.0
4932480983.0
4932493155.0
4932493156.0
4932493157.0
4932493158.0
4932493159.0
4932493160.0
4932493161.0
4932493162.0
4932493163.0
4932493164.0
4932493165.0
4932493166.0
4932493167.0
4932493168.0
4932493169.0
4932493170.0
4933493191.0
4933493194.0
4932493197.0
4932493198.0
4932493200.0
4932493199.0
4932493203.0
4932493202.0
4932493201.0
4933478960.0
4933478102.0
4933478103.0
4933479203.0
4933479202.0
4933478100.0
4933478101.0
4933478099.0
4933478098.0
4933478753.0
4932478104.0
4932479555.0
4932479205.0
4932478106.0
4932478959.0
4932479198.0
4932478105.0
4932478108.0
4933416976.0
4933427309.0
4933427315.0
4933447776.0
4932352561.0
4933451906.0
4933416972.0
49771004.0
49771005.0
4933459278.0
4933447700.0
4933459277.0
4933459276.0
4933464954.0
4933464956.0
4932464955.0
4932464957.0
4932464958.0
4932464960.0
4932479984.0
4932479985.0
4932479986.0
4932464959.0
4932492666.0
4932492667.0
4932492668.0
4932492669.0
4932471330.0
4932471329.0
4932480170.0
4932481041.0
4933472218.0
4933492298.0
4933492297.0
49162712.0
49162713.0
4932480180.0
4932492671.0
4932492849.0
4933464962.0
4933464961.0
4933464964.0
4933464965.0
4933480782.0
4933480781.0
4933459825.0
4933479988.0
4933479987.0
4933493213.0
4933493212.0
4932492418.0
4933493291.0
4933493290.0
4933493294.0
4933493293.0
4933479676.0
4933479675.0
4933492011.0
4933492010.0
4933479585.0
4933479584.0
4932492106.0
4932492107.0
4932479818.0
4932479819.0
4932479821.0
4933471442.0
4933471441.0
4933479679.0
4933479678.0
4933464223.0
4933464723.0
4933479587.0
4933479586.0
4933479589.0
4933479588.0
4932471385.0
4932479820.0
4932480172.0
4932464873.0
4932480174.0
4932480177.0
4932480171.0
4932480178.0
4932480173.0
4932493810.0
4932493811.0
4933472212.0
4933472211.0
4933480118.0
4933480117.0
4933480869.0
4933480868.0
4932480176.0
4932480169.0
4932478427.0
4932480168.0
4933480115.0
4933480114.0
4932492430.0
4932492431.0
4933459635.0
4933459634.0
4933480488.0
4933478186.0
4932479461.0
4933464616.0
4933464615.0
4933464613.0
4933464612.0
4933464611.0
4933447133.0
4933447134.0
4933441985.0
4932478758.0
4932478759.0
4933471700.0
4933471699.0
4933464967.0
4933464966.0
4933464970.0
4933464969.0
4933459798.0
4933459797.0
4933441725.0
4933441720.0
4933459800.0
4933471500.0
4933478171.0
4933478172.0
4933480790.0
4933480791.0
4933480756.0
4933480754.0
4932479097.0
4932479098.0
4932479099.0
4932479100.0
4932479101.0
4932479102.0
4932492931.0
4932492855.0
4932492856.0
4932492857.0
4932492858.0
4932492859.0
4932492860.0
4932492861.0
4932492862.0
4932492863.0
4932492864.0
4932492865.0
4932492866.0
4932492867.0
4932492868.0
4932492869.0
4932492870.0
4932492871.0
4933493355.0
4933493354.0
4933427182.0
4933464124.0
4933431600.0
4933441730.0
4933441715.0
4933498009.0
4933440475.0
4933459761.0
4933459760.0
4933479619.0
4933479618.0
4933479617.0
4932479353.0
4932479354.0
4933464619.0
4933464618.0
4933493552.0
4933493553.0
4933471436.0
4933471435.0
4933471439.0
4933471438.0
4933472215.0
4933493591.0
4933451367.0
4933480741.0
4933480740.0
4933480739.0
4933493136.0
4933480738.0
48530150.0
48530151.0
4932492938.0
48530155.0
48530141.0
4933472239.0
4933472238.0
4933441705.0
4933441710.0
4933427180.0
4933479875.0
4933479874.0
4933479873.0
4933479872.0
4933464979.0
4933471332.0
4933464978.0
4933447836.0
4933441925.0
4933446040.0
4933441915.0
4933441930.0
4933440450.0
4933441900.0
4933441910.0
4933447135.0
4933441215.0
4933416900.0
4932430432.0
4932430433.0
4933479870.0
4933479869.0
4933479868.0
4933479867.0
4933464138.0
4933464136.0
4933464135.0
4933441935.0
4933446045.0
4933441940.0
4933441950.0
4932373725.0
4932464481.0
4932464480.0
4933451510.0
4933446049.0
4933446046.0
4933441475.0
4933441997.0
4933441947.0
4933471461.0
4933471460.0
4933441670.0
4933441786.0
4933441665.0
4933441780.0
4933441655.0
4933441783.0
4933447799.0
4933447791.0
4933480959.0
4933480958.0
4933480961.0
4933480960.0
4933441675.0
4933440435.0
4933479640.0
4933479639.0
4933479681.0
4933479680.0
4933441240.0
4933441250.0
4933443497.0
4933441230.0
4933441225.0
4933472114.0
4933492851.0
4933492850.0
4933464405.0
4933464404.0
4933478441.0
4933478440.0
4933441805.0
4933431310.0
4933451512.0
4933448235.0
4933448225.0
4933451511.0
4933446950.0
4933447738.0
4933446960.0
4933441195.0
4933411925.0
4933493348.0
4933493347.0
4933472214.0
4933478228.0
4933479877.0
4933479876.0
4933464973.0
4933464972.0
4933441960.0
4933441955.0
4933451247.0
4933493305.0
4933493304.0
4933479073.0
4932493912.0
4932493913.0
4932493914.0
4932493915.0
4932493916.0
4932493307.0
4932493306.0
4932493596.0
4932480544.0
4932471946.0
4932479425.0
4933471940.0
4933471942.0
4933479832.0
4933479834.0
4933479600.0
4933479599.0
4933479597.0
4933479596.0
4933464483.0
4933478187.0
4933464029.0
4933459204.0
4933478964.0
4932493246.0
4932479805.0
4932479806.0
4932479807.0
4933479152.0
4933471756.0
4933471755.0
4933472072.0
4933472071.0
4933459733.0
4933459732.0
4933459730.0
4933459729.0
4933478405.0
4933459727.0
4933459726.0
4933459725.0
4933459724.0
4933451152.0
4933459696.0
4933459695.0
4933498056.0
4933492782.0
4933492783.0
4933492785.0
4933492786.0
4933451374.0
4933478450.0
4933498057.0
4933478449.0
4933459198.0
4933478453.0
4933478452.0
4933479153.0
4933478444.0
4933478443.0
4933498058.0
4933478447.0
4933478446.0
4933443607.0
4933443590.0
4933443600.0
4933492787.0
4932478770.0
4932478771.0
49162754.0
49162766.0
49162767.0
49162861.0
48080500.0
4933447935.0
4933447925.0
4933492097.0
49161316.0
49160078.0
49160158.0
49161513.0
49161578.0
4933493924.0
4933471404.0
4933471406.0
4933478993.0
4933471407.0
4933471409.0
4933493353.0
4933478092.0
4933478094.0
4933478091.0
4932471605.0
4933472166.0
4933478706.0
4933459772.0
4933459771.0
4933471697.0
4933471696.0
4933459719.0
4933478783.0
4933478782.0
4933478781.0
4933464115.0
4933464114.0
4933471080.0
4933471078.0
4933471079.0
4933471077.0
4933478435.0
4933478434.0
4933478433.0
4933478430.0
4933478429.0
4933498062.0
4933478428.0
4933478701.0
4933478436.0
4933478437.0
4933478773.0
4933478774.0
4933478772.0
4933478439.0
4933478438.0
4933471085.0
4933471084.0
4933492643.0
4933492644.0
4933492645.0
4933492646.0
4933480954.0
4933480953.0
4933480952.0
4933480956.0
4933480955.0
4933480957.0
4932471202.0
4933478492.0
4933478491.0
4933498065.0
4933446210.0
4933459572.0
4933446203.0
4933479863.0
4933479862.0
4933498059.0
4933464515.0
4933464559.0
4933464514.0
4933492831.0
4933492832.0
4933492833.0
4933492834.0
4933492835.0
4933446198.0
4933443565.0
4933446195.0
4933443555.0
4933443530.0
4933492802.0
4933492799.0
4933479860.0
4933479859.0
4933498060.0
4933464517.0
4933464560.0
4933464516.0
4933492820.0
4933492821.0
4933492822.0
4933492824.0
4933492825.0
4933492826.0
4933446192.0
4933443520.0
4933446189.0
4933443515.0
4933443500.0
4933492801.0
4933492798.0
4933471641.0
4933451012.0
4933451636.0
4933471207.0
4933471284.0
4933451362.0
4933464894.0
4933464893.0
4933447450.0
4933478498.0
4933478496.0
4933478495.0
4933478885.0
4933478884.0
4933478506.0
4933478504.0
4933478503.0
4933478502.0
4933478886.0
4933478895.0
4933478889.0
4933478888.0
4933478887.0
4933478500.0
4933478499.0
4933478892.0
4933478891.0
4933478894.0
4933479426.0
4933441280.0
4933408320.0
4933443468.0
4933443330.0
4933459542.0
4933443320.0
4933478507.0
4933478508.0
4933478509.0
4933492483.0
4933492482.0
4933492480.0
4932364149.0
4933441808.0
4933441305.0
4933459638.0
4933441812.0
4933441310.0
4933459637.0
49520600.0
4932352842.0
4932352843.0
4932352844.0
4932352845.0
48081076.0
4932352937.0
48091090.0
48091091.0
44700330.0
44700375.0
4932430099.0
4932430100.0
4932430101.0
48080900.0
4933451550.0
4933451552.0
4933451549.0
4933478837.0
4933478836.0
4933478835.0
4933478834.0
4933471494.0
4933440490.0
4933440493.0
4933492853.0
4933492854.0
4932493259.0
4933464229.0
4933464228.0
4933479967.0
4933479966.0
4933479615.0
4933479614.0
4933493244.0
4933492844.0
4933492846.0
4933492836.0
4933492827.0
4933492837.0
4933443552.0
4933447126.0
4933480873.0
4933480874.0
4933480875.0
4933498166.0
4933493334.0
4933478643.0
4933478640.0
4932480559.0
4932480560.0
4932480561.0
4932480562.0
4932493366.0
4932493367.0
4933451114.0
4933451113.0
4932274069.0
4933472112.0
4933446639.0
4933459275.0
4933451250.0
4933492344.0
4933478602.0
4933478601.0
4933478637.0
4933478638.0
4932493546.0
4932493545.0
4932478962.0
4932479797.0
48950100.0
48540100.0
4933471122.0
4933471205.0
4933451729.0
4933459619.0
4933471057.0
4933478992.0
4933411565.0
4933459617.0
4933428970.0
4932459712.0
4932459713.0
4932459720.0
4933448195.0
4933447150.0
4933471497.0
4933471496.0
4932471458.0
4932471459.0
4933478778.0
4933478777.0
4932480906.0
4932479065.0
4932479066.0
4932479067.0
4932479068.0
4932479069.0
4932479070.0
4932479071.0
4932479072.0
4933471444.0
4933451376.0
4933451429.0
4933446223.0
4933464590.0
4933464589.0
4933464588.0
4933441400.0
4933419134.0
4933464725.0
4933471195.0
4933472163.0
4933459193.0
4933459192.0
4933459191.0
4933472111.0
4933472110.0
4933478294.0
4933478296.0
4933478291.0
4933478293.0
4933498063.0
4933464484.0
4933464724.0
4933447285.0
4933447275.0
4933459885.0
4933459887.0
4933498064.0
4933441340.0
4933459575.0
4933416785.0
4932478816.0
4933464727.0
4933464726.0
4933464800.0
4933464799.0
4933498066.0
4933451389.0
4933459573.0
4933451391.0
4933426660.0
4933417845.0
4933464225.0
4933464722.0
4933464227.0
4933446216.0
4932478965.0
4932479620.0
4933451022.0
4933479865.0
4933479864.0
4933498061.0
4933451790.0
4933459187.0
4933451792.0
4933492842.0
4933492843.0
4933492839.0
4933492840.0
4933443580.0
4933443570.0
4933492804.0
4933492800.0
4932479103.0
4932479974.0
4933427189.0
4933447891.0
4933447899.0
4933459199.0
4933459201.0
4933459202.0
4933479593.0
4933479591.0
4933479595.0
4933479610.0
4933479608.0
4933479607.0
4932479613.0
4932478610.0
4932479612.0
4932478611.0
4932479840.0
4932478613.0
4932478612.0
4932479839.0
4933493549.0
4933493548.0
4933479160.0
4933479162.0
4933479161.0
4932492128.0
4932492130.0
4933471837.0
4933471838.0
4932492848.0
4933471839.0
4933493143.0
4933493142.0
4933493146.0
4933471835.0
4933464887.0
4933478986.0
4932493145.0
4932493147.0
4932493148.0
4933472247.0
4933471851.0
4932471701.0
4932471702.0
4932471703.0
4932471704.0
4932471707.0
4932471708.0
4932471709.0
48532830.0
48532831.0
48532832.0
48532833.0
48532834.0
48532835.0
48532836.0
48532837.0
48532838.0
48532840.0
4932478110.0
4932471717.0
4933480480.0
4933480478.0
4933493263.0
4933493264.0
4933464877.0
4933478985.0
4933464879.0
4933479266.0
4933493922.0
4933479774.0
4933479772.0
4933479771.0
4932479782.0
4932479781.0
4932479780.0
4932479779.0
4932479778.0
4932479777.0
4932479776.0
4933471844.0
4933492100.0
49165103.0
49165100.0
49165102.0
49165104.0
49165105.0
48361401.0
4932492924.0
4932492925.0
4932492926.0
4932492927.0
4932492928.0
4932492929.0
48361205.0
48361206.0
4932493462.0
4932493463.0
4932492118.0
4932492119.0
4932492120.0
4932492121.0
4932492122.0
4932478478.0
4932478479.0
4932478480.0
4932478481.0
4932478136.0
4932478137.0
4932478139.0
4932478879.0
4932492962.0
4933478750.0
4932493359.0
4932493360.0
4932493361.0
4932493362.0
4932493363.0
4932493364.0
4932478135.0
4932478549.0
4932478550.0
4932471904.0
4932480464.0
4932480465.0
4932480659.0
4932480660.0
4932479943.0
4932479944.0
4932479945.0
4932479946.0
4932479947.0
4932492327.0
4932492328.0
4932492329.0
4932492333.0
4932492330.0
4932492331.0
4932479938.0
4932479939.0
4932479940.0
4932479941.0
4932479942.0
4932492324.0
4932492325.0
4932492326.0
4932492332.0
4932480661.0
4932480662.0
4932478878.0
4932478877.0
4932492101.0
4932493115.0
4932493350.0
4932493510.0
4932478122.0
4932478913.0
4932478914.0
4932478915.0
4932478916.0
4932478917.0
4932480663.0
4932480664.0
4932479246.0
4932479247.0
4932479248.0
4932479249.0
4932479250.0
4932479251.0
4932480665.0
4932480666.0
4932478141.0
4932478918.0
4932478919.0
4932478920.0
4932480651.0
4932480652.0
4932480653.0
4932480654.0
4932479252.0
4932479253.0
4932479254.0
4932479255.0
4932480655.0
4932480656.0
4932480657.0
4932480658.0
4932479723.0
4932471908.0
4932471909.0
4932471910.0
4932471911.0
4932493233.0
4932493234.0
4932493235.0
4932493236.0
4932493237.0
4932493238.0
4932493239.0
4932493240.0
4932493241.0
4932493242.0
4932479712.0
4932471416.0
4932471417.0
4932471418.0
4932471419.0
4932479906.0
4932479907.0
4932479908.0
4932479909.0
4932479910.0
4932479715.0
4932471420.0
4932471421.0
4932471422.0
4932471423.0
4932479911.0
4932479912.0
4932479913.0
4932479914.0
4932479915.0
4932479718.0
4932471424.0
4932471425.0
4932471426.0
4932471427.0
4932479713.0
4932471614.0
4932471615.0
4932471616.0
4932471617.0
4932479716.0
4932471618.0
4932471619.0
4932471620.0
4932471621.0
4932479719.0
4932471622.0
4932471623.0
4932471624.0
4932471625.0
4932479714.0
4932479008.0
4932479009.0
4932479010.0
4932479011.0
4932479717.0
4932479012.0
4932479013.0
4932479014.0
4932479015.0
4932479720.0
4932479016.0
4932479017.0
4932479018.0
4932479019.0
4932493218.0
4932493219.0
4932493220.0
4932493221.0
4932493222.0
4932493223.0
4932493224.0
4932493225.0
4932493226.0
4932493227.0
4932492040.0
4932492041.0
4932492042.0
4932492043.0
4932492044.0
4932492045.0
4932492046.0
4932492047.0
4932492048.0
4932492049.0
4932479916.0
4932479917.0
4932479918.0
4932479919.0
4932479920.0
4932479921.0
4932479922.0
4932479923.0
4932479924.0
4932479925.0
4932479721.0
4932478131.0
4932478132.0
4932478133.0
4932478134.0
4932479926.0
4932479927.0
4932479928.0
4932479929.0
4932479930.0
4932479931.0
4932479932.0
4932479933.0
4932479934.0
4932479935.0
4932492913.0
4932492914.0
4932492915.0
4932492916.0
4932492917.0
4932479722.0
4932479020.0
4932479021.0
4932479022.0
4932479023.0
4932480491.0
4932480492.0
4932480493.0
4932480494.0
4932480495.0
4932480496.0
4932480497.0
4932480498.0
4932480499.0
4932480500.0
4932480501.0
4932480502.0
4932480503.0
4932480504.0
4932480505.0
4932480506.0
4932480507.0
4932480508.0
4932480509.0
4932480510.0
4932480511.0
4932480512.0
4932480513.0
4932480514.0
4932480515.0
4932480516.0
4932480517.0
4932480518.0
4932480519.0
4932480520.0
4932479724.0
4932478127.0
4932478128.0
4932478129.0
4932478130.0
4932479725.0
4932479570.0
4932479571.0
4932479572.0
4932479573.0
4932493228.0
4932493229.0
4932493230.0
4932493231.0
4932493232.0
4932479727.0
4932478123.0
4932478124.0
4932478125.0
4932478126.0
4932479726.0
4932471912.0
4932471913.0
4932471914.0
4932471915.0
4932479730.0
48229731.0
48229732.0
48229733.0
48229734.0
4932479731.0
4932479566.0
4932479567.0
4932479568.0
4932479569.0
4932479704.0
4932471343.0
4932471344.0
4932471345.0
4932471346.0
4932480601.0
4932480602.0
4932480603.0
4932480604.0
4932480605.0
4932479707.0
4932471347.0
4932471348.0
4932471349.0
4932471350.0
4932480611.0
4932480612.0
4932480613.0
4932480614.0
4932480615.0
4932479710.0
4932479558.0
4932479559.0
4932479560.0
4932479561.0
4932479705.0
4932471606.0
4932471607.0
4932471608.0
4932471609.0
4932480606.0
4932480607.0
4932480608.0
4932480609.0
4932480610.0
4932479708.0
4932471610.0
4932471611.0
4932471612.0
4932471613.0
4932480616.0
4932480617.0
4932480618.0
4932480619.0
4932480620.0
4932479562.0
4932479563.0
4932479564.0
4932479565.0
4932479706.0
4932479000.0
4932479001.0
4932479002.0
4932479003.0
4932479709.0
4932479004.0
4932479005.0
4932479006.0
4932479007.0
4932479728.0
48229741.0
48229742.0
48229743.0
48229744.0
4932479729.0
48229711.0
48229712.0
48229713.0
48229714.0
4932478584.0
4932478585.0
4932479936.0
4932479937.0
4932471889.0
4932471890.0
4932471891.0
4932471892.0
4932471893.0
4932471894.0
4932471895.0
4932471896.0
4932471897.0
4932471898.0
4932471899.0
4932471900.0
4932471351.0
4932471352.0
4932471353.0
4932472106.0
4932471429.0
4932471430.0
4932471431.0
48228860.0
4932471433.0
4932471434.0
4932472105.0
4932472107.0
4932471881.0
4932471882.0
4932478763.0
4932478764.0
4932471883.0
4932471884.0
4932471885.0
4932471886.0
4932478907.0
4932478927.0
4932478908.0
4932478928.0
4932478909.0
4932478910.0
4932478911.0
4932478912.0
4932479024.0
4932479025.0
4932479026.0
4932479027.0
4932479028.0
4932479029.0
4932492083.0
4932479237.0
4932479238.0
4932471906.0
4932478548.0
4932478801.0
4932478865.0
4932478866.0
4933478977.0
4933478978.0
4933478979.0
4933478980.0
4933478981.0
4933479364.0
4932480071.0
4932480072.0
4932480073.0
4932480074.0
4932480075.0
4932480085.0
4932480086.0
4932480087.0
4932480088.0
4932480089.0
4933478967.0
4933478968.0
4933478969.0
4933478970.0
4933478971.0
4933479362.0
4933478972.0
4933478973.0
4933478974.0
4933478975.0
4933478976.0
4933479363.0
4932480076.0
4932480077.0
4932480078.0
4932480079.0
4932480080.0
4932480100.0
4932480101.0
4932480102.0
4932480103.0
4932480104.0
4932480105.0
4932480061.0
4932480062.0
4932480063.0
4932480064.0
4932480065.0
4932480066.0
4932480067.0
4932480068.0
4932480069.0
4932480070.0
4932480090.0
4932480091.0
4932480092.0
4932480093.0
4933478081.0
4933478082.0
4933478083.0
4933478084.0
4933478085.0
4933478212.0
4933478213.0
4933478214.0
4933478215.0
4933478216.0
4933478237.0
4933478238.0
4933478239.0
4933478240.0
4933478241.0
4933478231.0
4933478232.0
4933478233.0
4933478234.0
4933478235.0
4933478188.0
4933478189.0
4933478190.0
4933478191.0
4933478192.0
4933478194.0
4933478195.0
4933478196.0
4933478197.0
4933478198.0
4932492172.0
4932492173.0
4932492174.0
4932492175.0
4932492176.0
4932492177.0
4932492178.0
4932492179.0
4932492180.0
4932492181.0
4932492182.0
4932492183.0
4932492184.0
4932492185.0
4932492186.0
4932492187.0
4932492188.0
4932492189.0
4932492190.0
4932492191.0
4932492192.0
4932492193.0
4932492194.0
4932492195.0
4932492196.0
4932492197.0
4932492198.0
4932492199.0
4932492200.0
4932492201.0
4932492202.0
4932492203.0
4932492204.0
4932492205.0
4932492206.0
4932492207.0
4932492208.0
4932492209.0
4932492210.0
4932492211.0
4932492212.0
4932492213.0
4932492214.0
4932492215.0
4932492216.0
4932492217.0
4932492218.0
4932492219.0
4932492220.0
4932492221.0
4932492222.0
4932492223.0
4932492224.0
4932492225.0
4932492226.0
4932492227.0
4932492228.0
4932492229.0
4932492230.0
4932492231.0
4932492232.0
4932492233.0
4932492234.0
4932492235.0
4932492236.0
4932492237.0
4932492238.0
4932492239.0
4932492240.0
4932492241.0
4932492242.0
4932492243.0
4932492244.0
4932492245.0
4932492246.0
4932492247.0
4932492248.0
4932492249.0
4932492250.0
4932492251.0
4932492252.0
4932492253.0
4932492254.0
4932492257.0
4932492258.0
4932492259.0
4932492260.0
4932492261.0
4932492262.0
4932492263.0
4932492264.0
4932492265.0
4932492266.0
4932492267.0
4932492268.0
4932492269.0
4932492270.0
4932492271.0
4932492272.0
4932492273.0
4932492274.0
4932492275.0
4932492276.0
4932492277.0
4932492278.0
4932492279.0
4932492280.0
4932492281.0
4932492282.0
4932492283.0
4932492284.0
4932492285.0
4932492286.0
4932492287.0
4932492288.0
4932492289.0
4932492290.0
4932492291.0
4932492292.0
4932492293.0
4932492294.0
4932492295.0
4932492296.0
4932492759.0
4932492760.0
4932492761.0
4932492762.0
4932492763.0
4932492764.0
4932492765.0
4932492766.0
4932492767.0
4932492768.0
4932492769.0
4932492770.0
4932492771.0
4932492772.0
4932305176.0
4932305177.0
4932305178.0
4932305179.0
4932430820.0
4932430822.0
4932480546.0
4932480547.0
4932480548.0
4932480549.0
4932480550.0
4932312475.0
4932312476.0
4932312477.0
4932312478.0
4932312479.0
4932312480.0
4932312104.0
4932355066.0
4932355067.0
4932355068.0
4932355069.0
4932355070.0
4932341610.0
4932341611.0
4932341612.0
4932341613.0
4932341614.0
48906071.0
48906072.0
48906073.0
48906074.0
48906075.0
48805080.0
48805120.0
48805180.0
48805220.0
48805320.0
48805400.0
48805405.0
4932451668.0
49960070.0
4932430171.0
4932430070.0
48380010.0
4932430172.0
4932279565.0
4932279498.0
4932361072.0
4932345712.0
4932352473.0
4932345628.0
4932345627.0
4932345710.0
4932409546.0
4932399991.0
4932399992.0
4932464610.0
4932479228.0
49170405.0
48660061.0
4932480586.0
4932471826.0
4932471828.0
4932359490.0
4932345760.0
4932345761.0
4932345758.0
4932430394.0
4932373161.0
4932492300.0
4932492301.0
4932492302.0
4932492306.0
4932492307.0
4932492308.0
4932492310.0
4932492311.0
4932492312.0
4932492316.0
4932492317.0
4932492318.0
4932492319.0
4932492320.0
4932492321.0
4932430488.0
4932430489.0
4932430490.0
4932430492.0
4932430395.0
4932373164.0
4932430838.0
4932373165.0
4932373163.0
4932373186.0
4932430398.0
48805402.0
4932357591.0
4932273484.0
4932316243.0
4932493399.0
4932367712.0
4932334667.0
4932371469.0
4932479553.0
4932479465.0
4932479466.0
4932479467.0
4932479468.0
4932479469.0
4932479470.0
4932352332.0
49960060.0
4932471694.0
4932471695.0
4932371575.0
4932471153.0
4932471154.0
49663004.0
48323065.0
48323070.0
4932459393.0
4932459394.0
4932430179.0
4932379877.0
4932399152.0
4932352299.0
4932371807.0
4932399154.0
4932367166.0
4932343771.0
4932399281.0
4932430493.0
4932430494.0
4932430495.0
4932430496.0
4932430497.0
4932430498.0
4932430500.0
4932430501.0
4932471739.0
4932430502.0
4932430503.0
4932430504.0
4932430505.0
4932451316.0
4932430508.0
4932430509.0
4932430510.0
4932430511.0
4932430515.0
4932430516.0
4932430517.0
4932478592.0
4932478593.0
4932478594.0
4932478595.0
4932478820.0
4932479109.0
4932479110.0
4932479111.0
4932479113.0
4932479114.0
4932479115.0
4932479116.0
4932479117.0
4932479732.0
4932479761.0
4932479119.0
4932479212.0
4932479213.0
4932479214.0
4932479215.0
4932479216.0
4932479217.0
4932479218.0
4932479219.0
4932479220.0
4932492776.0
4932492777.0
4932459774.0
4932459775.0
4932459776.0
4932479221.0
4932479222.0
4932479223.0
4932479224.0
4932479225.0
4932479226.0
4932479244.0
4932479245.0
4932464162.0
4932464163.0
4932343734.0
4932343735.0
4932399302.0
4932343736.0
4932343737.0
4932343738.0
4932399303.0
4932343739.0
4932343743.0
4932343744.0
4932343745.0
4932399234.0
4932343740.0
4932343747.0
4932352918.0
4932451354.0
4932451355.0
4932451356.0
4932464298.0
4932472031.0
4932343746.0
4932478266.0
4932478267.0
4932478268.0
4932478269.0
4932478270.0
4932478271.0
4932478274.0
4932478275.0
4932464910.0
4932339625.0
4932339626.0
4932367146.0
4932353424.0
4932339627.0
4932352344.0
4932352919.0
4932352920.0
4932451731.0
4932451732.0
4932472029.0
4932472030.0
4932479900.0
4932478264.0
4932478265.0
4932373502.0
4932364483.0
4932373503.0
4932492574.0
4932492575.0
4932492576.0
4932492577.0
4932492578.0
4932492579.0
4932492580.0
4932492581.0
4932492549.0
4932492550.0
4932492551.0
4932492552.0
4932492553.0
4932492554.0
4932492555.0
4932492556.0
4932492557.0
4932492558.0
4932492559.0
4932492560.0
4932492561.0
4932492562.0
4932492563.0
4932492564.0
4932492582.0
4932492583.0
4932492584.0
4932492585.0
4932492586.0
4932492587.0
4932492588.0
4932492589.0
4932492590.0
4932492591.0
4932492592.0
4932492593.0
4932492594.0
4932492595.0
4932492596.0
4932492597.0
4932492598.0
4932492599.0
4932492600.0
4932492601.0
4932492602.0
4932492603.0
4932492604.0
4932492605.0
4932492606.0
4932492607.0
4932492608.0
4932492609.0
4932492610.0
4932492611.0
4932492612.0
4932492613.0
4932492614.0
4932492615.0
4932492616.0
4932492617.0
4932492618.0
4932492619.0
4932492620.0
4932492621.0
4932492622.0
4932492623.0
4932492624.0
4932492625.0
4932492626.0
4932480358.0
4932480359.0
4932480360.0
4932479628.0
4932492565.0
4932492566.0
4932492567.0
4932492568.0
4932492569.0
4932492570.0
4932492571.0
4932492572.0
4932492573.0
4932459147.0
4932352068.0
4932471586.0
4932352747.0
4932399513.0
4932430905.0
4932430904.0
4932492939.0
4932492003.0
4932492004.0
4932492005.0
4932492006.0
4932492007.0
4932492008.0
4932492009.0
4932480941.0
4932352468.0
4932352469.0
4932352374.0
4932464240.0
4932399707.0
4932399708.0
4932399709.0
4932399710.0
4932399711.0
4932399712.0
4932399713.0
4932399714.0
4932399715.0
4932399716.0
4932399717.0
4932352052.0
4932399718.0
4932399719.0
4932399720.0
4932399721.0
4932399722.0
4932399723.0
4932472167.0
4932472168.0
4932472169.0
4932472170.0
4932472171.0
4932472172.0
4932472173.0
4932472174.0
4932472175.0
4932472176.0
4932472177.0
4932472178.0
4932472180.0
4932472184.0
4932472185.0
4932472186.0
4932472187.0
4932472188.0
4932472189.0
4932472190.0
4932472191.0
4932472192.0
4932472193.0
4932472194.0
4932472195.0
4932472196.0
4932472197.0
4932472198.0
4932472199.0
4932478953.0
4932478954.0
4932478955.0
4932399724.0
4932399725.0
4932399726.0
4932399727.0
4932399728.0
4932399729.0
4932399730.0
4932399731.0
4932399732.0
4932399733.0
4932399736.0
49964705.0
4932352053.0
4932352094.0
4932352627.0
4932352676.0
4932478073.0
4932492363.0
4932479580.0
4932478870.0
4932399753.0
4932399163.0
4932399164.0
4932399165.0
4932399166.0
4932399754.0
4932399167.0
4932399755.0
4932399168.0
4932399169.0
4932399170.0
4932399171.0
4932399172.0
4932399217.0
4932371978.0
4932371979.0
4932399579.0
4932399580.0
4932352628.0
4932352629.0
4932352630.0
4932352631.0
4932352632.0
4932352633.0
4932352172.0
4932399174.0
4932399220.0
4932369736.0
4932471990.0
4932352072.0
4932472220.0
4932472221.0
4932472222.0
4932472223.0
4932472224.0
4932472225.0
4932472226.0
4932472227.0
4932472228.0
4932472229.0
4932472230.0
4932472231.0
4932472232.0
4932472233.0
4932478946.0
4932478947.0
4932478948.0
4932478949.0
4932478950.0
4932478951.0
4932479089.0
4932479090.0
4932479091.0
4932479092.0
4932451481.0
4932451482.0
4932451483.0
4932451501.0
4932451502.0
4932471387.0
4932451503.0
4932451504.0
4932472264.0
4932451486.0
4932451484.0
4932451485.0
4932451487.0
4932451488.0
4932471386.0
4932451489.0
4932451490.0
4932451491.0
4932451492.0
4932451493.0
4932451494.0
4932451495.0
4932451496.0
4932451497.0
4932451498.0
4932451505.0
4932471989.0
4932478997.0
4932478998.0
4932451474.0
4932451475.0
4932451476.0
4932451477.0
4932459164.0
4932451478.0
4932451479.0
4932451480.0
4932451499.0
4932451500.0
4932464717.0
4932464716.0
4932464715.0
4932471333.0
4932492376.0
4932492377.0
4932479079.0
4932479093.0
4932479094.0
4932480219.0
4932399819.0
4932399820.0
4932399821.0
4932399822.0
4932399823.0
4932399824.0
4932399825.0
4932399826.0
4932399521.0
4932399522.0
4932399523.0
4932399524.0
4932399526.0
4932399527.0
4932399528.0
4932399529.0
4932399539.0
4932399540.0
4932399541.0
4932399542.0
4932399145.0
4932399146.0
4932399550.0
4932399552.0
4932399553.0
4932399555.0
4932373147.0
4932373148.0
4932479462.0
4932479463.0
4932492145.0
4932492146.0
4932492147.0
4932492148.0
4932492149.0
4932492150.0
4932492151.0
4932492152.0
4932492153.0
4932492154.0
4932492155.0
4932492156.0
4932430081.0
4932451185.0
4932451186.0
4932451187.0
4932451188.0
4932471985.0
4932471986.0
4932471987.0
4932478952.0
4932471988.0
4932492014.0
4932492015.0
4932492016.0
4932493298.0
4932493331.0
4932493332.0
4932478803.0
4932492434.0
4932492435.0
4932492436.0
4932492437.0
4932492438.0
4932492439.0
4932492440.0
4932492441.0
4932492442.0
4932492443.0
4932492444.0
4932492445.0
4932492446.0
4932492447.0
4932492448.0
4932451568.0
4932480302.0
4932480303.0
4932480304.0
4932480305.0
4932480306.0
4932480307.0
4932480308.0
4932480309.0
4932480310.0
4932480311.0
4932480312.0
4932480313.0
4932480314.0
4932480315.0
4932480316.0
4932480317.0
4932480318.0
4932480319.0
4932480320.0
4932480321.0
4932480322.0
4932480323.0
4932480324.0
4932480325.0
4932480326.0
4932480327.0
4932480328.0
4932480329.0
4932480330.0
4932480331.0
4932480332.0
4932480333.0
4932480334.0
4932480335.0
4932480336.0
4932480337.0
4932480338.0
4932480339.0
4932480340.0
4932480341.0
4932480342.0
4932480343.0
4932480344.0
4932480345.0
4932480346.0
4932480347.0
4932480348.0
4932480349.0
4932480350.0
4932480351.0
4932480352.0
4932480353.0
4932480354.0
4932480355.0
4932480356.0
4932480357.0
4932480448.0
4932480449.0
4932480456.0
4932480457.0
4932480943.0
4932480401.0
4932480404.0
4932480405.0
4932480406.0
4932480410.0
4932480413.0
4932480416.0
4932480442.0
4932480251.0
4932480252.0
4932480253.0
4932480254.0
4932480255.0
4932480256.0
4932480257.0
4932480258.0
4932480259.0
4932480260.0
4932480261.0
4932480262.0
4932480453.0
4932480444.0
4932480445.0
4932480263.0
4932480264.0
4932480265.0
4932480266.0
4932480267.0
4932480268.0
4932480269.0
4932480270.0
4932480271.0
4932480272.0
4932480273.0
4932480274.0
4932480275.0
4932480276.0
4932480277.0
4932480278.0
4932480279.0
4932480280.0
4932480281.0
4932480282.0
4932480283.0
4932480284.0
4932480285.0
4932480286.0
4932480287.0
4932480288.0
4932480289.0
4932480290.0
4932480291.0
4932480292.0
4932480293.0
4932480294.0
4932480295.0
4932480296.0
4932480297.0
4932480298.0
4932480299.0
4932480300.0
4932480301.0
4932480454.0
4932480455.0
4932480946.0
4932480446.0
4932480447.0
4932478054.0
4932478063.0
4932478064.0
4932478065.0
4932478066.0
4932478067.0
4932480361.0
4932480362.0
4932480363.0
4932480364.0
4932480365.0
4932480366.0
4932480367.0
4932480368.0
4932480369.0
4932480370.0
4932480371.0
4932480372.0
4932480373.0
4932480374.0
4932480375.0
4932480376.0
4932480377.0
4932480378.0
4932480379.0
4932480380.0
4932480381.0
4932480382.0
4932480383.0
4932480384.0
4932480385.0
4932480386.0
4932480387.0
4932480388.0
4932480389.0
4932480390.0
4932480391.0
4932480392.0
4932480393.0
4932480394.0
4932480395.0
4932480396.0
4932480397.0
4932480398.0
4932480399.0
4932480400.0
4932480402.0
4932480403.0
4932480407.0
4932480450.0
4932471659.0
4932471660.0
4932471661.0
4932471662.0
4932480408.0
4932480409.0
4932480411.0
4932480412.0
4932480414.0
4932480415.0
4932480417.0
4932480950.0
4932480418.0
4932480419.0
4932480420.0
4932480421.0
4932480422.0
4932480423.0
4932480424.0
4932480425.0
4932480426.0
4932480427.0
4932480428.0
4932480429.0
4932480430.0
4932480431.0
4932480432.0
4932480434.0
4932480435.0
4932480436.0
4932480437.0
4932480438.0
4932480441.0
4932480443.0
4932480451.0
4932480452.0
4932478059.0
4932478060.0
4932478061.0
4932478062.0
4932493425.0
4932493426.0
4932399128.0
4932399129.0
4932399242.0
4932399243.0
4932399586.0
4932399587.0
4932399588.0
4932399589.0
4932399590.0
4932399591.0
4932399594.0
4932399595.0
4932399596.0
4932399597.0
4932399599.0
4932399600.0
4932471928.0
4932471929.0
4932430850.0
4932430851.0
4932430852.0
4932430853.0
4932430854.0
4932430855.0
4932430856.0
4932430857.0
4932430858.0
4932430859.0
4932430860.0
4932430861.0
4932430862.0
4932430863.0
4932430864.0
4932430865.0
4932430866.0
4932430867.0
4932430868.0
4932430869.0
4932430870.0
4932430871.0
4932430872.0
4932451286.0
4932430873.0
4932430874.0
4932430875.0
4932430876.0
4932430877.0
4932430878.0
4932430879.0
4932430880.0
4932430881.0
4932430882.0
4932430883.0
4932430884.0
4932430885.0
4932430886.0
4932430887.0
4932430888.0
4932430889.0
4932430890.0
4932430891.0
4932430892.0
4932430893.0
4932430894.0
4932430895.0
4932430896.0
4932430897.0
4932430898.0
4932430899.0
4932430900.0
4932430901.0
4932430902.0
4932430903.0
4932471564.0
4932471565.0
4932471566.0
4932471567.0
4932471568.0
4932471569.0
4932471570.0
4932471571.0
4932471572.0
4932471573.0
4932471574.0
4932471575.0
4932471577.0
4932471578.0
4932471579.0
4932471580.0
4932471581.0
4932471582.0
4932471583.0
4932471584.0
4932471585.0
4932471822.0
4932471823.0
4932471824.0
4932471825.0
4932430910.0
4932459283.0
4932459284.0
4932459285.0
4932459287.0
4932459288.0
4932459289.0
4932459290.0
4932459291.0
4932459292.0
4932459293.0
4932459294.0
4932459295.0
4932459296.0
4932459297.0
4932459298.0
4932459300.0
4932471155.0
4932471156.0
4932471157.0
4932471158.0
4932471159.0
4932471160.0
4932471162.0
4932352506.0
4932399917.0
4932399384.0
4932352507.0
4932363642.0
4932399919.0
4932352508.0
4932352512.0
4932352513.0
4932399380.0
4932352514.0
4932352515.0
4932399389.0
4932399406.0
4932471167.0
4932471169.0
4932471171.0
4932471173.0
4932471175.0
4932471176.0
4932471178.0
4932471179.0
4932471180.0
4932471181.0
4932471182.0
4932471183.0
4932471186.0
4932471187.0
4932471188.0
4932471189.0
4932471190.0
4932471191.0
4932471192.0
4932471193.0
4932480157.0
4932480158.0
49560503.0
49560505.0
49560507.0
49560509.0
49560511.0
49560513.0
49560515.0
49560517.0
4932471771.0
4932471758.0
4932471759.0
4932471760.0
4932471761.0
4932471762.0
4932471763.0
4932471764.0
4932471863.0
4932472090.0
4932472265.0
4932478276.0
4932478277.0
4932478278.0
4932478279.0
4932478280.0
4932478281.0
4932478282.0
4932478283.0
4932478284.0
49565660.0
4932478285.0
4932478286.0
4932478287.0
4932479078.0
48899321.0
48899332.0
48899301.0
48899320.0
48899335.0
48899340.0
48899399.0
48899261.0
48899262.0
48899263.0
48899265.0
48899372.0
48899395.0
48899380.0
48899398.0
48899266.0
4932352345.0
4932352346.0
4932352347.0
4932352348.0
4932352349.0
4932352350.0
4932352351.0
4932352352.0
4932352353.0
4932352354.0
4932352355.0
4932352356.0
4932352357.0
4932352358.0
4932352359.0
4932352360.0
4932352361.0
4932352362.0
4932352363.0
4932352364.0
4932352365.0
4932352366.0
4932352367.0
4932352368.0
4932352369.0
4932352370.0
4932352371.0
4932352372.0
4932352373.0
4932352377.0
4932459826.0
4932459827.0
4932459828.0
4932459829.0
4932352378.0
4932459830.0
4932459831.0
4932459832.0
4932459833.0
4932352379.0
4932459834.0
4932459835.0
4932459836.0
4932430569.0
4932352380.0
4932459837.0
4932459838.0
4932459839.0
4932459840.0
4932352381.0
4932459841.0
4932459842.0
4932459843.0
4932352382.0
4932352383.0
4932459844.0
4932459845.0
4932430547.0
4932459846.0
4932352384.0
4932459847.0
4932352385.0
4932459848.0
4932459849.0
4932352386.0
4932459850.0
4932459851.0
4932352387.0
4932459852.0
4932352388.0
4932459853.0
4932430548.0
4932459854.0
4932459855.0
4932352389.0
4932430570.0
4932459856.0
4932430549.0
4932459857.0
4932352390.0
4932430550.0
4932430571.0
4932352391.0
4932459858.0
4932459859.0
4932459860.0
4932459861.0
4932352392.0
4932459862.0
4932352393.0
4932459863.0
4932430551.0
4932459864.0
4932459865.0
4932352394.0
4932459866.0
4932459867.0
4932459868.0
4932459869.0
4932352395.0
4932459870.0
4932430552.0
4932459871.0
4932430553.0
4932352396.0
4932459872.0
4932459873.0
4932459874.0
4932459875.0
4932352397.0
4932459876.0
4932459877.0
4932459878.0
4932459879.0
4932352398.0
4932459880.0
4932459881.0
4932459882.0
4932459883.0
4932352399.0
4932352400.0
4932352401.0
4932352402.0
4932352403.0
4932352404.0
4932352405.0
4932363248.0
4932363249.0
4932363250.0
4932363251.0
4932363253.0
4932363254.0
4932471140.0
4932363256.0
4932363258.0
4932363260.0
4932363262.0
4932363263.0
4932363264.0
4932363267.0
49567100.0
4932363268.0
4932363269.0
4932363270.0
4932363271.0
4932363272.0
4932363274.0
4932363276.0
4932363277.0
4932363278.0
4932363279.0
4932471141.0
4932363281.0
4932363282.0
4932363283.0
4932363284.0
4932363285.0
4932363286.0
4932373332.0
4932373333.0
4932373334.0
4932373335.0
4932373336.0
4932373337.0
4932471142.0
4932373338.0
4932373339.0
4932373340.0
4932373341.0
4932373342.0
4932373343.0
4932373344.0
4932373345.0
4932373346.0
4932373347.0
4932373348.0
4932373349.0
4932373350.0
4932373351.0
4932373352.0
4932373353.0
4932373354.0
4932471143.0
4932373355.0
4932373356.0
4932373357.0
4932373358.0
4932373359.0
4932373360.0
4932352200.0
4932352201.0
4932352202.0
4932352203.0
4932352204.0
4932352205.0
4932352206.0
4932352207.0
4932352208.0
4932352209.0
4932352210.0
4932352211.0
4932352212.0
4932352213.0
4932352214.0
4932352215.0
4932352216.0
4932352217.0
4932352218.0
4932352219.0
4932352220.0
4932352221.0
4932352222.0
4932352223.0
4932352224.0
4932352225.0
4932352226.0
4932352227.0
4932352228.0
4932352229.0
4932352230.0
4932352231.0
4932352232.0
4932352233.0
4932352234.0
4932430328.0
4932430329.0
4932430330.0
4932430332.0
4932430333.0
4932430334.0
4932430335.0
4932430336.0
4932430337.0
4932430338.0
4932430339.0
4932430340.0
4932430341.0
4932430342.0
4932430343.0
4932430344.0
4932430331.0
4932373318.0
4932373319.0
4932373320.0
4932373321.0
4932373322.0
4932373323.0
4932373324.0
4932373325.0
4932373326.0
4932373327.0
4932373328.0
4932373329.0
4932373330.0
4932373331.0
4932363444.0
4932363449.0
4932363454.0
4932363459.0
4932363464.0
4932363466.0
4932363469.0
4932363474.0
4932363476.0
4932363479.0
4932363482.0
4932363484.0
4932363489.0
4932363494.0
4932363499.0
4932363502.0
4932363504.0
4932363509.0
4932363514.0
4932363519.0
4932363524.0
4932363529.0
4932363534.0
4932363539.0
4932363544.0
4932363549.0
4932363554.0
4932363559.0
4932363564.0
4932352674.0
48894703.0
48894704.0
48894763.0
48894706.0
4932471089.0
48894707.0
48894708.0
48894709.0
48894710.0
48894711.0
48894712.0
48894764.0
48894714.0
48894715.0
48894716.0
48894717.0
48894718.0
48894719.0
48894720.0
48894721.0
48894722.0
48894723.0
4932471090.0
48894724.0
48894725.0
48894726.0
48894727.0
48894728.0
48894729.0
4932478175.0
4932478176.0
4932478177.0
4932478178.0
4932478179.0
4932478180.0
4932478181.0
4932478182.0
4932478183.0
4932478184.0
4932471091.0
4932471092.0
4932471093.0
4932471094.0
4932471095.0
4932471096.0
4932471097.0
4932471098.0
4932471099.0
4932471100.0
4932471101.0
4932471102.0
4932471103.0
4932471104.0
4932471105.0
4932471106.0
4932471107.0
4932471108.0
4932471109.0
4932471110.0
4932471111.0
4932471112.0
4932352750.0
4932352751.0
4932430727.0
4932352752.0
4932352753.0
4932352754.0
4932352755.0
4932352756.0
4932352757.0
4932352758.0
4932352759.0
4932352760.0
4932352761.0
4932352762.0
4932352763.0
4932352764.0
4932352765.0
4932352766.0
4932352767.0
4932352768.0
4932352769.0
4932352770.0
4932352771.0
4932352772.0
4932352773.0
4932352774.0
4932352775.0
4932352776.0
4932352777.0
4932430728.0
4932352778.0
4932352779.0
4932352780.0
4932352781.0
4932352782.0
4932352783.0
4932352784.0
4932430729.0
4932352785.0
4932352786.0
4932352787.0
4932352788.0
4932352789.0
4932352790.0
4932352791.0
4932352792.0
4932352793.0
4932352794.0
4932352795.0
4932352796.0
4932352797.0
4932352798.0
4932430730.0
4932430731.0
4932352799.0
4932352800.0
4932352892.0
4932373908.0
4932339498.0
4932399143.0
4932352130.0
4932307067.0
4932399315.0
4932399316.0
4932339499.0
4932340408.0
4932399317.0
4932399318.0
4932399319.0
4932399320.0
4932307068.0
4932307069.0
4932373136.0
4932353819.0
4932399321.0
4932399322.0
4932344292.0
4932344293.0
4932399147.0
4932399148.0
4932399323.0
4932353820.0
4932340409.0
4932399222.0
4932399324.0
4932307070.0
4932307071.0
4932307072.0
4932353821.0
4932399325.0
4932399326.0
4932367013.0
4932399327.0
4932399328.0
4932353823.0
4932353822.0
4932340410.0
4932307073.0
4932307074.0
4932344295.0
4932353824.0
4932344296.0
4932367014.0
4932367015.0
4932367066.0
4932399329.0
4932307075.0
4932307076.0
4932344297.0
4932353825.0
4932307077.0
4932367068.0
4932367017.0
4932307946.0
4932344298.0
4932307078.0
4932353826.0
4932307079.0
4932399330.0
4932307088.0
4932367018.0
4932367019.0
4932373910.0
4932344300.0
4932307080.0
4932307081.0
4932399331.0
4932344301.0
4932307082.0
4932367069.0
4932367021.0
4932344303.0
4932307083.0
4932344304.0
4932340411.0
4932367022.0
4932367024.0
4932344305.0
4932307084.0
4932399027.0
4932307085.0
4932367025.0
4932367026.0
4932373911.0
4932344307.0
4932367027.0
4932367029.0
4932373922.0
4932307087.0
4932344308.0
4932344309.0
4932367030.0
4932344310.0
4932344311.0
4932352801.0
4932371702.0
4932352520.0
4932352521.0
4932371703.0
4932371704.0
4932371705.0
4932399337.0
4932399338.0
4932399339.0
4932399340.0
4932373225.0
4932371706.0
4932399341.0
4932352522.0
4932371708.0
4932371709.0
4932399342.0
4932399343.0
4932371710.0
4932399344.0
4932371711.0
4932399176.0
4932399177.0
4932399178.0
4932399179.0
4932399181.0
4932399182.0
4932399183.0
4932399345.0
4932399184.0
4932399185.0
4932399186.0
4932352007.0
4932352008.0
4932478465.0
4932478466.0
4932478467.0
4932352009.0
4932352010.0
4932478469.0
4932478470.0
4932352011.0
4932352012.0
4932352013.0
4932352014.0
4932352015.0
4932492017.0
4932430146.0
4932352016.0
4932352017.0
4932352018.0
4932352019.0
4932352020.0
4932492018.0
4932352021.0
4932352022.0
4932352023.0
4932352024.0
4932352712.0
4932492019.0
4932352713.0
4932352944.0
4932492020.0
4932352025.0
4932352026.0
4932352027.0
4932352028.0
4932352029.0
4932492021.0
4932352030.0
4932352945.0
4932352946.0
4932492022.0
4932492023.0
4932352031.0
4932352032.0
4932352033.0
4932352034.0
4932492024.0
4932352035.0
4932352947.0
4932352948.0
4932492025.0
4932492026.0
4932352036.0
4932352037.0
4932352038.0
4932478473.0
4932352039.0
4932352949.0
4932352950.0
4932352951.0
4932430725.0
4932352952.0
4932492027.0
4932430726.0
4932352953.0
4932352819.0
4932352954.0
4932352820.0
4932352955.0
4932352956.0
4932478474.0
4932356502.0
4932478899.0
4932356503.0
4932492028.0
4932356504.0
4932356505.0
4932492029.0
4932399332.0
4932356506.0
4932356507.0
4932356508.0
4932399333.0
4932356509.0
4932399334.0
4932356510.0
4932399335.0
4932356511.0
4932399336.0
4932479345.0
4932479346.0
4932479347.0
4932479348.0
4932479349.0
4932352040.0
4932471250.0
4932471251.0
4932352041.0
4932352042.0
4932352043.0
4932430234.0
4932471252.0
4932479556.0
4932430235.0
4932352044.0
4932352045.0
4932352046.0
4932471253.0
4932352047.0
4932352048.0
4932471254.0
4932471255.0
4932352049.0
4932352050.0
4932471256.0
4932471257.0
4932471258.0
4932479358.0
4932479368.0
4932479369.0
4932472234.0
4932430437.0
4932430438.0
4932430462.0
4932479557.0
4932430463.0
4932472154.0
4932472155.0
4932430439.0
4932430440.0
4932472156.0
4932472157.0
4932430441.0
4932430442.0
4932472158.0
4932472159.0
4932472160.0
4932430443.0
4932472161.0
4932472162.0
4932478097.0
4932478673.0
4932478674.0
4932459588.0
4932459589.0
4932464872.0
4932352338.0
4932352834.0
4932352833.0
4932352835.0
4932430001.0
4932430002.0
4932373918.0
4932373919.0
4932373920.0
4932373921.0
4932471855.0
4932471856.0
4932471857.0
4932471858.0
4932471859.0
4932471955.0
4932471956.0
4932471957.0
4932471958.0
4932471959.0
4932471960.0
4932471961.0
4932479948.0
48906001.0
48906004.0
48906011.0
48906014.0
48906005.0
48906015.0
48906017.0
48906000.0
48906019.0
48906021.0
48906024.0
48906027.0
48906031.0
48906034.0
48906035.0
48906040.0
48906038.0
48906039.0
48906051.0
48906050.0
48906053.0
48906052.0
48906054.0
48906061.0
48906062.0
48906063.0
48906060.0
48906070.0
48906088.0
48906090.0
48906114.0
48906115.0
48906531.0
48906527.0
48906521.0
48906511.0
48906505.0
4932479838.0
48390501.0
48390511.0
48390521.0
48390531.0
48390519.0
48390529.0
48390539.0
48390572.0
48390601.0
48390605.0
48390611.0
48390615.0
48390609.0
48390606.0
48390619.0
48390616.0
48390711.0
48390630.0
48390635.0
48390631.0
48390636.0
4932399909.0
48404017.0
48404515.0
48404520.0
48404345.0
48404070.0
48404075.0
48404080.0
48404220.0
48404225.0
4932478095.0
4932471290.0
4932471291.0
4932471292.0
4932471293.0
4932471294.0
4932471295.0
4932471296.0
4932479087.0
4932471378.0
4932471379.0
4932471297.0
4932471298.0
4932471299.0
4932471300.0
4932471301.0
4932471380.0
4932471303.0
4932479574.0
4932479575.0
4932479576.0
4932479836.0
4932479837.0
4932479804.0
4932471304.0
4932471305.0
4932471306.0
4932471307.0
4932471308.0
4932471309.0
4932471310.0
4932471311.0
4932471312.0
4932471931.0
4932471932.0
4932492433.0
4932471314.0
4932471315.0
4932471316.0
4932471317.0
4932471319.0
4932471320.0
4932471318.0
4932471321.0
4932471322.0
4932471323.0
4932471324.0
4932471325.0
4932472015.0
4932472016.0
4932493217.0
48001075.0
48001076.0
48005016.0
48001077.0
48001078.0
48001079.0
4932471693.0
48005035.0
48005036.0
4932478111.0
48005037.0
48005021.0
48008021.0
48005026.0
48008026.0
48005027.0
48008027.0
48005221.0
48005226.0
48005227.0
48005092.0
48005292.0
48016292.0
48005293.0
48016293.0
48005194.0
48005091.0
48016091.0
48005093.0
48016093.0
48016000.0
48005094.0
48016094.0
48005185.0
48005186.0
48005183.0
48005184.0
48016184.0
48004184.0
48005188.0
48016188.0
48005714.0
48005189.0
48016189.0
48005162.0
48005181.0
48005182.0
48016182.0
48005187.0
48016187.0
48005784.0
48008784.0
48005788.0
48008788.0
48005789.0
48008789.0
48005782.0
48008782.0
48005787.0
48008787.0
48005712.0
48008712.0
48005713.0
48008713.0
48005701.0
48005706.0
48005711.0
48008706.0
48008711.0
48005241.0
48005242.0
48005243.0
48005541.0
48005542.0
48005543.0
48001450.0
48001420.0
48001430.0
48001080.0
48001084.0
48005052.0
48001082.0
48001083.0
48001460.0
48001600.0
48001630.0
48001640.0
49005460.0
49005614.0
49005418.0
49005424.0
49005456.0
49005455.0
49005450.0
49222205.0
49222211.0
49222229.0
49220220.0
48016035.0
48016036.0
48016037.0
48005201.0
48005501.0
48005202.0
48005502.0
48005203.0
48005503.0
48005261.0
48005561.0
48005262.0
48005562.0
48005263.0
48005563.0
48005521.0
48005526.0
48005527.0
4932493509.0
4932373392.0
4932274651.0
4932479088.0
4932274353.0
4932254071.0
4932274650.0
4932265312.0
4932346078.0
4932373492.0
4932213116.0
4932373487.0
4932430461.0
4932373391.0
4932311633.0
4932354745.0
4932254061.0
4932373489.0
4932373390.0
4932274351.0
4932373490.0
4932399306.0
4932346071.0
4932373080.0
4932373388.0
4932346079.0
4932348072.0
4932373083.0
4932430141.0
4932430142.0
4932430143.0
4932274652.0
4932254063.0
4932373486.0
4932340011.0
4932345826.0
4932399307.0
4932254064.0
4932340012.0
4932274654.0
4932274653.0
4932373086.0
4932346082.0
4932346081.0
4932274315.0
4932373393.0
4932399308.0
4932373387.0
4932213231.0
4932213232.0
4932430144.0
4932354508.0
4932354506.0
4932345825.0
4932493687.0
4932117042.0
4932127010.0
48663280.0
4932267980.0
4932320014.0
48660817.0
4932314867.0
4932478806.0
4932349457.0
4932364382.0
4932376531.0
4932376533.0
4932364265.0
4932364267.0
4932371018.0
4932372443.0
4932371913.0
4932399492.0
4932364266.0
48661520.0
42660755.0
4932221378.0
4932310612.0
4932221379.0
4932304684.0
4932221380.0
4932319995.0
48663350.0
48663240.0
4932604226.0
4932430444.0
4932464479.0
4932352465.0
4932352466.0
4932363651.0
4932363652.0
4932363653.0
4932363654.0
4932363655.0
4932363656.0
4932363657.0
4932363658.0
4932363659.0
4932363660.0
4932363661.0
4932363662.0
4932363663.0
4932363664.0
4932363665.0
4932363666.0
4932363703.0
4932363704.0
4932363705.0
4932363883.0
4932363706.0
4932363707.0
4932363708.0
4932363711.0
4932363712.0
4932363714.0
4932363715.0
4932363717.0
4932363720.0
4932373923.0
4932373379.0
4932479471.0
4932479472.0
4932479473.0
4932479474.0
4932479475.0
4932479476.0
4932479477.0
48136754.0
48136756.0
48136758.0
48136759.0
48136760.0
48136762.0
48136766.0
48136769.0
48130683.0
48130813.0
48130873.0
48131003.0
48131123.0
48131253.0
48136780.0
4932430175.0
4932430176.0
4932363681.0
4932363688.0
4932363682.0
4932363689.0
4932363696.0
4932363683.0
4932363690.0
4932363697.0
4932363684.0
4932363691.0
4932363698.0
4932363685.0
4932363692.0
4932363699.0
4932363686.0
4932363693.0
4932363700.0
4932363687.0
4932363694.0
4932363701.0
4932373363.0
4932363695.0
4932363702.0
4932373364.0
4932373370.0
4932373365.0
4932373371.0
4932373366.0
4932373372.0
4932373367.0
4932373373.0
4932373368.0
4932373374.0
4932373380.0
4932479478.0
4932479479.0
4932479480.0
4932479481.0
4932479482.0
4932479483.0
4932479484.0
4932479485.0
4932479486.0
4932479487.0
4932479489.0
4932479488.0
4932479490.0
4932479491.0
4932479493.0
4932479494.0
4932479495.0
4932479496.0
4932479497.0
4932479498.0
4932479499.0
4932479500.0
4932479501.0
4932479502.0
4932479503.0
4932479546.0
4932479547.0
4932479548.0
4932479549.0
4932479550.0
4932479551.0
4932479552.0
48286870.0
48286880.0
48070201.0
4932399672.0
4932399675.0
4932363667.0
4932363674.0
4932363668.0
4932363675.0
4932363669.0
4932363676.0
4932363670.0
4932363677.0
4932363671.0
4932363678.0
4932363672.0
4932363679.0
4932363673.0
4932363680.0
4932399673.0
4932399676.0
4932352487.0
4932352488.0
4932363130.0
4932352489.0
4932363131.0
4932352490.0
4932363132.0
4932352491.0
4932363133.0
4932352492.0
4932363134.0
4932352493.0
4932363135.0
4932352494.0
4932363136.0
4932352495.0
4932363137.0
4932352496.0
4932363138.0
4932352497.0
4932363139.0
4932352498.0
4932363140.0
4932363141.0
4932352499.0
4932363142.0
4932363143.0
4932352500.0
4932363144.0
4932352501.0
4932363145.0
4932352502.0
4932363146.0
4932352503.0
4932363147.0
4932363148.0
4932479227.0
4932352504.0
4932459398.0
4932373483.0
4932352406.0
4932430478.0
4932352274.0
4932352321.0
4932352375.0
4932352645.0
4932451317.0
4932352647.0
4932352648.0
4932352320.0
4932459781.0
4932471274.0
4932464921.0
4932464922.0
4932464923.0
4932464924.0
4932464925.0
4932464926.0
4932464927.0
4932464928.0
4932464929.0
4932464930.0
4932464931.0
4932464932.0
4932464933.0
4932464934.0
4932464935.0
4932464936.0
4932464937.0
4932464938.0
4932464939.0
4932464940.0
4932464941.0
49560002.0
49560012.0
49560014.0
49560023.0
49560024.0
49560027.0
49560032.0
49560037.0
49560043.0
49560047.0
49560052.0
49560057.0
49560062.0
49560067.0
49560072.0
49560077.0
49560082.0
49560087.0
49560092.0
49560097.0
49560102.0
49560107.0
49560112.0
49560113.0
49560117.0
49560122.0
49560127.0
49560132.0
49560137.0
49560142.0
49560147.0
49560153.0
49560158.0
49560159.0
49560163.0
49560167.0
49560173.0
49560177.0
49560183.0
49560187.0
49560193.0
49560197.0
49560203.0
49560207.0
49560213.0
49560217.0
49560223.0
49560227.0
49560233.0
49560239.0
49560237.0
49560243.0
49560244.0
49560247.0
49560253.0
4932399885.0
4932399886.0
4932399887.0
4932399888.0
4932399889.0
49560260.0
49560290.0
49224152.0
49224102.0
4932430327.0
49224083.0
49224201.0
4932472248.0
4932464719.0
4932464720.0
49565090.0
49565091.0
49565100.0
49565110.0
49565120.0
49565125.0
49565130.0
49565140.0
49565150.0
49565152.0
49565155.0
49565165.0
49565167.0
49565170.0
49565175.0
49565178.0
49565180.0
49565190.0
49565195.0
49565200.0
49565205.0
49565160.0
49565169.0
4932464706.0
4932464707.0
4932464708.0
4932464709.0
4932464710.0
4932464671.0
4932464711.0
4932464672.0
4932464673.0
4932464674.0
4932464675.0
4932464676.0
4932464677.0
4932464678.0
4932464679.0
4932464680.0
4932464681.0
4932464682.0
4932464683.0
4932464684.0
4932464685.0
4932464686.0
4932464687.0
4932464688.0
4932464689.0
4932464690.0
4932464691.0
4932464692.0
4932464693.0
4932464694.0
4932464695.0
4932464696.0
4932464697.0
4932464698.0
4932464699.0
4932464700.0
4932464701.0
4932464702.0
4932464703.0
4932464704.0
4932464705.0
49560742.0
49560744.0
49560746.0
49560702.0
49560704.0
49560707.0
49560807.0
49560708.0
49560710.0
49560711.0
49560712.0
49560713.0
49560714.0
49560717.0
49560719.0
49560720.0
49560722.0
49560724.0
49560726.0
49560727.0
49560728.0
49560729.0
49560730.0
49560731.0
49560734.0
49560735.0
49560736.0
49560737.0
49560738.0
49560739.0
49560847.0
49560748.0
49560848.0
49560749.0
49223079.0
49565605.0
49565615.0
49565620.0
49565625.0
49565630.0
49565640.0
49565645.0
49565664.0
4932430464.0
4932430465.0
4932472076.0
4932472077.0
4932472078.0
4932472079.0
4932472080.0
4932472081.0
4932472082.0
4932472083.0
4932472084.0
4932472085.0
4932472086.0
4932472087.0
4932472088.0
4932472089.0
49569805.0
49569810.0
49569815.0
49569820.0
49569825.0
49569830.0
49569835.0
49224800.0
4932430466.0
4932430477.0
4932479033.0
4932479034.0
4932479035.0
4932479036.0
4932479037.0
4932479038.0
4932479039.0
4932479040.0
4932479041.0
4932479042.0
4932479043.0
4932479044.0
4932479045.0
4932479046.0
4932479047.0
4932479048.0
4932479049.0
4932479050.0
4932479051.0
4932479052.0
4932479053.0
4932479054.0
4932479055.0
4932479056.0
4932479057.0
4932479058.0
4932479059.0
4932479060.0
4932479061.0
4932430736.0
4932430737.0
4932430738.0
4932430739.0
4932430740.0
4932430741.0
4932430742.0
4932430743.0
4932430744.0
4932430745.0
4932430746.0
4932430747.0
4932430748.0
4932471991.0
4932471992.0
4932430480.0
4932430446.0
4932430835.0
4932464917.0
4932464916.0
4932371740.0
4932371741.0
4932343270.0
4932343271.0
4932343272.0
4932343273.0
4932343274.0
4932343275.0
4932343276.0
4932343277.0
4932343278.0
4932343279.0
4932343280.0
4932343281.0
4932343282.0
4932343283.0
4932343284.0
4932343285.0
4932343286.0
4932343287.0
4932343288.0
4932371742.0
4932371743.0
4932371744.0
4932371745.0
4932371746.0
4932371747.0
4932371748.0
4932371749.0
4932371750.0
4932371751.0
4932371752.0
4932371753.0
4932371754.0
4932371755.0
4932371756.0
4932371757.0
4932371758.0
4932371759.0
4932343289.0
4932343290.0
4932343291.0
4932343292.0
4932343293.0
4932343294.0
4932343295.0
4932343296.0
4932343297.0
4932343298.0
4932343299.0
4932343300.0
4932343301.0
4932343302.0
4932343303.0
4932343304.0
4932343305.0
4932343306.0
4932343307.0
4932371760.0
4932371761.0
4932371762.0
4932371763.0
4932371764.0
4932371765.0
4932371766.0
4932371767.0
4932371768.0
4932371769.0
4932371770.0
4932371771.0
4932371772.0
4932371773.0
4932371774.0
4932371775.0
4932371776.0
4932371777.0
4932372533.0
48662125.0
4932372781.0
4932371788.0
4932343310.0
4932492053.0
4932492054.0
4932492055.0
4932492056.0
4932492057.0
4932492058.0
4932492059.0
4932492060.0
4932492061.0
4932245992.0
4932430732.0
4932430733.0
4932245994.0
4932430734.0
4932245995.0
4932430735.0
4932367304.0
4932367306.0
4932367308.0
4932480474.0
4932480475.0
4932399021.0
4932604214.0
4932245967.0
4932343667.0
4932343670.0
4932399373.0
4932373884.0
4932399374.0
4932373885.0
4932399375.0
4932373886.0
4932373888.0
4932373889.0
4932373890.0
4932344478.0
4932344479.0
4932344480.0
4932399099.0
4932344481.0
4932344482.0
4932480689.0
4932399295.0
4932399296.0
4932399297.0
4932399966.0
4932399967.0
4932399968.0
4932480690.0
4932352273.0
4932492361.0
4932492362.0
4932480978.0
4932480979.0
4932478249.0
4932478250.0
4932478251.0
4932478252.0
4932478475.0
4932478476.0
4932478477.0
4932478482.0
4932478483.0
4932472208.0
4932478485.0
4932478486.0
4932478487.0
4932478489.0
4932478490.0
4932479850.0
4932493554.0
4932493660.0
4932492511.0
4932472257.0
4932472258.0
4932472259.0
4932472260.0
4932472261.0
4932472262.0
4932472263.0
4932479407.0
4932479408.0
48226104.0
48226407.0
48224510.0
48224520.0
48224530.0
4932479784.0
48224512.0
48224522.0
48224532.0
48224537.0
48224538.0
48226100.0
4932478554.0
4932492458.0
4932492459.0
4932492460.0
4932492461.0
4932492462.0
4932492463.0
4932492464.0
4932492465.0
4932492466.0
4932492773.0
48223542.0
4932471725.0
4932471726.0
4932471727.0
4932471728.0
4932471729.0
4932471730.0
4932471731.0
4932471732.0
4932471733.0
4932471734.0
4932479892.0
4932479893.0
4932479894.0
4932479895.0
4932479896.0
4932479897.0
4932479409.0
4932479410.0
4932478620.0
48224533.0
4932464573.0
4932464564.0
4932464566.0
4932464567.0
4932464568.0
4932464569.0
4932464570.0
4932464562.0
4932464563.0
4932464574.0
4932464571.0
4932464572.0
4932464565.0
4932464575.0
4932492497.0
4932492498.0
4932492499.0
4932492500.0
4932492501.0
4932492502.0
4932492503.0
48227406.0
48227408.0
48227508.0
48227410.0
48227412.0
48227415.0
48227400.0
48227001.0
48227002.0
4932478621.0
4932464257.0
4932464258.0
48229407.0
4932464993.0
4932464994.0
4932464995.0
4932464996.0
4932480209.0
4932480210.0
4932471501.0
4932471502.0
4932471503.0
4932471504.0
4932471505.0
4932471506.0
4932471507.0
4932471508.0
4932471509.0
4932471510.0
4932471511.0
4932471512.0
4932471513.0
4932471514.0
4932471515.0
4932480211.0
4932480212.0
4932480213.0
4932480214.0
4932480215.0
4932478557.0
4932478558.0
4932480181.0
4932480182.0
4932480183.0
4932480184.0
4932480185.0
4932480186.0
4932480187.0
4932480188.0
4932480189.0
4932480190.0
4932480191.0
4932480192.0
4932480193.0
4932480194.0
4932480195.0
4932480197.0
4932480198.0
4932471516.0
4932471517.0
4932471518.0
4932471519.0
4932471520.0
4932471521.0
4932471522.0
4932471523.0
4932471524.0
4932471525.0
4932471526.0
4932471527.0
4932471528.0
4932471529.0
4932471530.0
4932480199.0
4932480200.0
4932480201.0
4932480202.0
4932480203.0
4932480204.0
4932480205.0
4932480206.0
4932480207.0
4932480208.0
48227210.0
48227212.0
48227214.0
48227218.0
48227224.0
4932478672.0
48227110.0
48227112.0
48227114.0
48227118.0
4932464576.0
4932464577.0
4932464578.0
4932471865.0
4932479654.0
48229014.0
4932479646.0
4932479647.0
4932464827.0
4932464850.0
4932464851.0
4932479648.0
4932479649.0
4932492672.0
4932479652.0
4932479653.0
4932479655.0
4932479656.0
4932464826.0
48229250.0
48229258.0
48229251.0
48229252.0
48229259.0
48229253.0
48224256.0
48224255.0
48224257.0
4932464172.0
4932464173.0
48224211.0
48224216.0
4932492661.0
4932492375.0
4932492452.0
4932492453.0
4932492454.0
4932471356.0
4932471357.0
4932471358.0
4932471360.0
4932471361.0
4932478559.0
4932478560.0
48221905.0
48221950.0
48221934.0
48221952.0
48221960.0
48221961.0
48221962.0
4932492378.0
4932492379.0
4932480106.0
4932480107.0
4932480108.0
4932479783.0
48221990.0
48221994.0
48221998.0
4932464828.0
4932464829.0
4932464830.0
48220222.0
4932492507.0
4932492508.0
4932492509.0
4932492510.0
48229001.0
4932464943.0
4932464944.0
4932464945.0
4932464946.0
4932478813.0
4932478812.0
4932479096.0
4932471864.0
4932479992.0
4932479993.0
4932478312.0
4932478313.0
4932478314.0
4932478315.0
4932478316.0
4932478317.0
4932478318.0
4932478319.0
4932478320.0
4932478321.0
4932478322.0
4932478323.0
4932479994.0
4932479995.0
4932478324.0
4932478325.0
4932478326.0
4932478327.0
4932478328.0
4932478329.0
4932478330.0
4932478331.0
4932478332.0
4932478333.0
4932478334.0
4932478335.0
4932480646.0
4932493357.0
4932493358.0
4932478336.0
4932478337.0
4932478338.0
4932478339.0
4932478340.0
4932478341.0
4932478342.0
4932478343.0
4932478344.0
4932478345.0
4932478346.0
4932478347.0
4932478348.0
4932478349.0
4932479996.0
4932479997.0
4932479998.0
4932479999.0
4932480000.0
4932480001.0
4932480002.0
4932480003.0
4932480004.0
4932480005.0
4932478350.0
4932478351.0
4932478352.0
4932478353.0
4932478354.0
4932478355.0
4932478356.0
4932478357.0
4932478358.0
4932478359.0
4932478360.0
4932478361.0
4932478362.0
4932478363.0
4932480647.0
4932480648.0
48229038.0
4932479650.0
4932479651.0
4932480006.0
4932480007.0
4932480008.0
4932480009.0
4932480010.0
4932480011.0
4932480012.0
4932480013.0
4932480014.0
4932480015.0
4932480016.0
4932480017.0
4932480018.0
4932480019.0
4932480020.0
4932480021.0
4932480022.0
4932480023.0
4932480024.0
4932480025.0
4932480026.0
4932480027.0
4932480028.0
4932480029.0
4932480030.0
4932480031.0
4932480032.0
4932480033.0
4932480034.0
4932480035.0
4932480036.0
4932480037.0
4932480038.0
4932480039.0
4932480040.0
4932480041.0
4932480042.0
4932480043.0
4932480044.0
4932480045.0
4932480046.0
4932480047.0
4932480048.0
4932480649.0
4932480674.0
4932480675.0
4932480676.0
4932480677.0
4932480678.0
4932480679.0
4932480680.0
4932472123.0
4932472124.0
4932472125.0
4932472126.0
48229214.0
4932480595.0
4932480596.0
4932480597.0
4932480598.0
4932480599.0
4932480600.0
48223100.0
4932492126.0
4932492127.0
48223101.0
48223103.0
48223106.0
48223201.0
48223206.0
48223721.0
48223731.0
48223711.0
4932492143.0
4932492144.0
48223154.0
48223164.0
48223165.0
48223170.0
4932471554.0
4932471555.0
4932471556.0
4932471557.0
4932471558.0
4932471559.0
4932471560.0
4932471561.0
4932471634.0
4932471635.0
4932471636.0
4932471637.0
4932478255.0
4932352583.0
4932478657.0
4932478658.0
4932478659.0
4932478660.0
4932478661.0
4932478662.0
4932478663.0
4932478664.0
4932478665.0
4932493003.0
4932493004.0
4932493005.0
4932493006.0
4932493007.0
4932493013.0
4932493014.0
4932493015.0
4932493016.0
4932493017.0
4932493018.0
4932493019.0
4932493020.0
4932493021.0
4932493022.0
4932493028.0
4932493029.0
4932493030.0
4932493031.0
4932493032.0
4932493033.0
4932493034.0
4932493035.0
4932493036.0
4932493037.0
4932493043.0
4932493044.0
4932493045.0
4932493046.0
4932493047.0
4932493048.0
4932493049.0
4932493050.0
4932493051.0
4932493052.0
4932493058.0
4932493059.0
4932493060.0
4932493061.0
4932493062.0
4932493008.0
4932493009.0
4932493010.0
4932493011.0
4932493012.0
4932493038.0
4932493039.0
4932493040.0
4932493041.0
4932493042.0
4932493116.0
4932493117.0
4932493118.0
4932493119.0
4932493120.0
4932493121.0
4932493122.0
4932493123.0
4932493124.0
4932493125.0
4932493126.0
4932493127.0
4932493128.0
4932493129.0
4932493130.0
4932493131.0
4932493132.0
4932493133.0
4932493134.0
4932493135.0
4932492963.0
4932492964.0
4932492965.0
4932492966.0
4932492967.0
4932492968.0
4932492969.0
4932492970.0
4932492971.0
4932492972.0
4932492973.0
4932492974.0
4932492975.0
4932492976.0
4932492977.0
4932492978.0
4932492979.0
4932492980.0
4932492981.0
4932492982.0
4932492983.0
4932492984.0
4932492985.0
4932492986.0
4932492987.0
4932492988.0
4932492989.0
4932492990.0
4932492991.0
4932492992.0
4932492993.0
4932492994.0
4932492995.0
4932492996.0
4932492997.0
4932492998.0
4932492999.0
4932493000.0
4932493001.0
4932493002.0
4932493063.0
4932493064.0
4932493065.0
4932493066.0
4932493067.0
4932493068.0
4932493069.0
4932493070.0
4932493071.0
4932493072.0
4932493073.0
4932493074.0
4932493075.0
4932493076.0
4932493077.0
4932493078.0
4932493079.0
4932493080.0
4932493081.0
4932493082.0
4932493083.0
4932493084.0
4932493085.0
4932493086.0
4932493087.0
4932493089.0
4932493090.0
4932493091.0
4932493092.0
4932493093.0
4932493094.0
4932493095.0
4932493096.0
4932493097.0
4932493098.0
4932493099.0
4932493100.0
4932493101.0
4932493102.0
4932493103.0
4932493104.0
4932493105.0
4932493106.0
4932493107.0
4932493109.0
4932493110.0
4932493111.0
4932492399.0
4932492400.0
4932492401.0
4932492402.0
4932492403.0
4932492404.0
4932492405.0
4932492406.0
4932492407.0
4932492408.0
4932492409.0
4932492410.0
4932492411.0
4932492412.0
4932492413.0
4932492414.0
4932492415.0
4932492416.0
4932492417.0
4932480627.0
4932480629.0
4932480630.0
4932480631.0
4932480632.0
4932480636.0
4932480575.0
4932480576.0
4932480577.0
4932480626.0
4932492778.0
4932493574.0
4932493575.0
4932493576.0
4932493577.0
4932478666.0
4932478667.0
4932478668.0
4932478669.0
4932478670.0
4932352584.0
4932352585.0
4932352586.0
4932478653.0
4932478654.0
4932478655.0
4932478656.0
4932492346.0
4932492347.0
4932492348.0
4932492349.0
4932492350.0
4932492351.0
4932459301.0
4932459302.0
4932459303.0
4932464663.0
4932464664.0
48226602.0
4932471626.0
4932471627.0
4932464599.0
4932464600.0
4932464601.0
4932471815.0
4932471816.0
4932459591.0
4932459592.0
4932459593.0
4932459594.0
48227703.0
48227705.0
48227706.0
48227708.0
4932480553.0
48225502.0
4932492469.0
48225103.0
48225203.0
48225211.0
48225330.0
48225360.0
4932480716.0
4932480717.0
4932479824.0
4932479825.0
4932479826.0
4932479827.0
4932479828.0
4932479829.0
4932479830.0
4932492391.0
4932492392.0
4932492393.0
4932492394.0
4932492395.0
4932492397.0
4932492389.0
4932492390.0
4932478849.0
4932478850.0
4932478852.0
4932478854.0
4932478856.0
4932493339.0
4932493247.0
4932493248.0
4932493249.0
4932493250.0
4932493251.0
4932493252.0
4932493253.0
4932493254.0
4932493255.0
4932493256.0
4932493257.0
4932493460.0
4932493386.0
4932493388.0
4932493390.0
4932493392.0
4932493394.0
4932493396.0
4932493398.0
4932493385.0
4932493387.0
4932493389.0
4932493391.0
4932493393.0
4932493395.0
4932493397.0
4932492547.0
4932459060.0
4932459061.0
4932459062.0
4932459063.0
4932459064.0
4932459065.0
4932459066.0
4932459067.0
4932459068.0
4932459069.0
4932459070.0
4932459071.0
4932459072.0
4932459073.0
4932459074.0
4932459075.0
4932459078.0
4932459079.0
4932459080.0
4932459081.0
4932459082.0
4932459083.0
4932459084.0
4932459085.0
4932459086.0
4932459087.0
4932459088.0
4932459089.0
4932459680.0
4932459681.0
4932471355.0
4933471978.0
4933471979.0
4932472091.0
4932459090.0
4932459091.0
4932459092.0
4932459093.0
4932459094.0
4932459095.0
4932459590.0
4932472122.0
4932459096.0
4932459097.0
4932459098.0
4932459099.0
4932464856.0
4932464857.0
4932464854.0
4932464855.0
4932478897.0
4932459100.0
4932459597.0
4932478565.0
4932478566.0
4932478567.0
4932480568.0
4932480569.0
4932480570.0
4932480571.0
4932480572.0
4932480573.0
48229215.0
4932478253.0
4932478254.0
4932471866.0
4932471867.0
48220050.0
48220012.0
48220212.0
4932472118.0
4932472119.0
4932472120.0
4932472121.0
4932471598.0
4932480581.0
4932480582.0
4932480583.0
4932480584.0
4932492806.0
4932492807.0
4932492808.0
4932492810.0
4932492811.0
4932471868.0
4932471869.0
4932471870.0
48222531.0
48222532.0
48222533.0
48222534.0
48222535.0
48222536.0
48222537.0
4932471773.0
4932471774.0
4932471775.0
4932471776.0
4932471777.0
4932471778.0
4932471779.0
4932471780.0
4932471781.0
4932471782.0
4932471783.0
4932471784.0
4932471785.0
4932471786.0
4932471787.0
4932471788.0
4932471789.0
4932471790.0
4932471791.0
4932471792.0
4932471793.0
4932471794.0
4932471795.0
4932471796.0
4932471797.0
4932471798.0
4932471799.0
4932471800.0
4932471801.0
4932471802.0
4932471803.0
4932471804.0
4932471806.0
4932471807.0
4932471808.0
4932472003.0
4932471809.0
4932471810.0
4932480975.0
4932471872.0
4932478712.0
4932478713.0
4932478714.0
4932478715.0
4932478716.0
4932478717.0
4932478718.0
4932478719.0
4932478720.0
4932478721.0
4932478722.0
4932478723.0
4932478724.0
4932478725.0
4932478726.0
4932478727.0
4932478728.0
4932478729.0
4932478730.0
4932478731.0
4932478732.0
4932478733.0
4932478734.0
4932478735.0
4932478736.0
4932478737.0
4932478738.0
4932478739.0
4932479095.0
48228112.0
48228110.0
48228120.0
48228145.0
48228140.0
4932453385.0
4932453855.0
4932459751.0
4932464078.0
4932464079.0
4932464080.0
4932464082.0
4932464083.0
4932478625.0
4932464084.0
4932464085.0
4932464086.0
4932464081.0
4932471064.0
4932471065.0
4932471066.0
4932471067.0
4932471130.0
4932471131.0
4932471068.0
4932471638.0
4932471132.0
4932471428.0
4932471927.0
4932471722.0
4932471723.0
4932478162.0
4932471724.0
4932472128.0
4932472131.0
4932472130.0
4932472129.0
4932479104.0
4932479105.0
4932479157.0
4932472127.0
4932478711.0
4932478996.0
4932479074.0
4932479075.0
4932478648.0
4932480624.0
4932480625.0
4932478161.0
4932479957.0
4932464244.0
48228200.0
4932464252.0
4932464835.0
4932464834.0
4932464833.0
4932480621.0
4932480622.0
4932480623.0
4932493189.0
4932493190.0
4932480700.0
4932480701.0
4932480702.0
4932480703.0
4932480704.0
4932480705.0
4932480706.0
4932480707.0
4932480708.0
4932480709.0
4932480710.0
4932480711.0
4932480712.0
4932480713.0
4932480714.0
4932480698.0
4932480699.0
4932492892.0
4932493377.0
4932493378.0
4932493379.0
4932493380.0
4932493381.0
4932493382.0
4932493383.0
4932493384.0
4932493620.0
4932480123.0
4932480124.0
4932480125.0
4932480126.0
4932480127.0
4932480128.0
4932480129.0
4932480130.0
4932480131.0
4932480132.0
4932480133.0
4932480134.0
4932480135.0
4932480136.0
4932480137.0
4932480138.0
4932480139.0
4932480140.0
4932480141.0
4932480142.0
4932480143.0
4932480144.0
4932480145.0
4932480146.0
4932480147.0
4932480148.0
4932480149.0
4932480150.0
4932480151.0
4932480152.0
4932480153.0
4932480154.0
4932480155.0
4932480156.0
4932492113.0
4932492114.0
4932492115.0
4932492116.0
4932492117.0
4932493607.0
4932493608.0
4932493609.0
4932493610.0
4932493578.0
4932493579.0
4932498002.0
4932493642.0
4932478562.0
4932493639.0
4932480637.0
4932480638.0
4932480639.0
4932493640.0
4932480650.0
4932493644.0
4932492713.0
4932492716.0
4932492717.0
4932492718.0
4932492719.0
4932492720.0
4932492721.0
4932492722.0
4932492723.0
4932492724.0
4932492725.0
4932492726.0
4932492727.0
4932492728.0
4932493628.0
4932493414.0
4932480907.0
4932480908.0
4932480909.0
4932480910.0
4932480911.0
4932480912.0
4932480913.0
4932480914.0
4932480915.0
4932480916.0
4932480917.0
4932480918.0
4932493641.0
4932492487.0
4932492488.0
4932492489.0
4932492490.0
4932492491.0
4932492492.0
4932492493.0
4932492494.0
4932492495.0
4932492496.0
4932493637.0
4932493638.0
4932493643.0
4932493631.0
4932493632.0
4932493633.0
4932493634.0
4932493635.0
4932493636.0
4932498246.0
4932498247.0
4932498248.0
4932498249.0
4932493923.0
4932493926.0
4932493993.0
4932493865.0
4932493866.0
4932493867.0
4932493868.0
4932493870.0
4932498201.0
4932480563.0
4932480564.0
4932480565.0
4932480566.0
4932480567.0
4932480792.0
4932480793.0
4932480794.0
4932480795.0
4932480796.0
4932480797.0
4932480798.0
4932480799.0
4932480800.0
4932480801.0
4932480802.0
4932480803.0
4932480804.0
4932480805.0
4932480806.0
4932480807.0
4932480808.0
4932480809.0
4932480810.0
4932480811.0
4932480823.0
4932480824.0
4932480825.0
4932480826.0
4932480827.0
4932480828.0
4932480830.0
4932480831.0
4932480832.0
4932480833.0
4932480834.0
4932480835.0
4932480836.0
4932480837.0
4932480838.0
4932480839.0
4932480840.0
4932480841.0
4932493661.0
4932480640.0
4932480641.0
4932480642.0
4932480643.0
4932480644.0
4932480645.0
4932492812.0
4932493616.0
4932493617.0
4932493618.0
4932493619.0
4932492693.0
4932492694.0
4932492695.0
4932492696.0
4932492697.0
4932492698.0
4932492699.0
4932492700.0
4932492701.0
4932492702.0
4932492703.0
4932492704.0
4932492705.0
4932492706.0
4932492707.0
4932492708.0
4932492709.0
4932492710.0
4932492711.0
4932492712.0
4932493614.0
4932493615.0
4932492737.0
4932492738.0
4932492739.0
4932492740.0
4932492741.0
4932492742.0
4932492743.0
4932492744.0
4932492745.0
4932492746.0
4932492747.0
4932492748.0
4932492749.0
4932492750.0
4932492751.0
4932492752.0
4932492753.0
4932493275.0
4932492754.0
4932492755.0
4932492756.0
4932492714.0
4932492715.0
4932492729.0
4932492730.0
4932493258.0
4932492731.0
4932492732.0
4932492733.0
4932492734.0
4932492735.0
4932492736.0
4932480919.0
4932480920.0
4932480921.0
4932480922.0
4932480923.0
4932480924.0
4932480925.0
4932480926.0
4932480927.0
4932480928.0
4932480929.0
4932480930.0
4932480931.0
4932480932.0
4932480933.0
4932480934.0
4932480935.0
4932480936.0
4932480937.0
4932480938.0
4932493629.0
4932493630.0
4932493814.0
4932493815.0
4932493622.0
4932493623.0
4932493960.0
4932493961.0
4932493962.0
4932493963.0
